
a   b       (!a && b)     1) a && b     2) a || b     3) !a && !b 
--------    ---------     ---------     ---------     -----------
0   0       0             0             0             1
0   1       1             0             1             1
1   0       0             0             1             1
1   1       0             1             1             0


4) !(2 )  == (3)
----------------
1                    
0
0
1


a  b  c     5) !a && ( b || c )     6)   b || (!a && c)
-------     -------------------     -------------------
0  0  0         0    (    0   )          0   (    0  )
0  0  1         1    (    1   )          1   (    1  )
0  1  0         1    (    1   )          1   (    0  )
0  1  1         1    (    1   )          1   (    1  )
1  0  0         0    (    0   )          0   (    0  )
1  0  1         0    (    1   )          0   (    0  )
1  1  0         0    (    1   )          1   (    0  )
1  1  1         0    (    1   )          1   (    0  )
