1 2
1 11.0 62.7
2 9.6 59.5
2 4
1 10.2 63.0
2 10.0 59.8
3 11.3 63.4
4 9.6 58.8
3 2
3 11.6 62.5
4 9.3 59.6
4 4
1 10.7 60.6
2 10.1 61.7
3 11.7 62.6
4 9.7 59.5
5 4
1 10.9 63.4
2 9.5 61.6
3 11.3 63.3
4 9.9 58.9
6 4
1 10.6 63.3
2 10.4 60.0
3 11.5 63.2
4 9.2 60.1
7 1
4 9.7 58.6
8 2
1 10.9 63.2
2 9.8 60.2
9 3
1 10.6 62.5
2 9.8 61.1
3 10.8 63.0
10 2
1 10.3 61.7
2 10.0 59.8
11 4
1 10.9 62.8
2 9.9 59.1
3 11.6 62.6
4 9.3 60.8
12 3
1 10.9 62.3
3 11.7 62.3
4 9.4 60.4
13 4
1 11.1 61.9
2 9.8 59.1
3 10.9 62.5
4 9.7 61.1
14 2
1 10.7 62.5
4 9.3 59.5
15 4
1 10.8 63.4
2 10.2 60.5
3 10.8 62.2
4 9.3 60.2
16 4
1 10.3 62.9
2 9.9 59.2
3 10.9 62.1
4 9.7 60.6
17 4
1 11.1 61.3
2 10.3 62.0
3 11.5 64.3
4 9.2 59.5
18 2
1 11.2 63.6
4 9.3 61.3
19 0
20 4
1 11.1 62.3
2 10.0 60.7
3 11.0 62.8
4 9.2 60.2
21 4
1 10.6 61.4
2 9.6 59.2
3 11.5 64.3
4 9.6 61.2
22 0
23 3
1 10.8 61.0
3 11.5 64.2
4 10.1 60.2
24 3
2 10.2 62.0
3 11.0 63.7
4 9.9 60.9
25 4
1 10.8 62.5
2 10.4 59.2
3 11.0 63.5
4 9.3 60.4
26 3
2 9.6 60.5
3 11.8 63.2
4 9.4 61.3
27 3
2 9.8 59.8
3 11.4 63.4
4 9.9 60.2
28 4
1 10.8 61.2
2 9.7 60.7
3 11.1 64.4
4 9.7 59.8
29 4
1 10.6 61.4
2 10.4 59.4
3 11.2 62.3
4 10.1 60.8
30 4
1 11.1 61.8
2 10.5 59.3
3 11.3 62.4
4 9.1 60.0
31 0
32 3
2 9.7 61.1
3 11.7 63.2
4 9.3 59.3
33 4
1 11.1 62.7
2 10.2 61.2
3 11.5 64.0
4 9.7 60.1
34 2
1 11.3 62.9
4 9.8 61.0
35 1
3 11.0 63.4
36 4
1 10.6 62.8
2 9.7 62.3
3 11.4 63.9
4 10.0 61.2
37 2
1 10.8 61.8
2 9.7 61.1
38 4
1 10.6 62.8
2 10.0 62.3
3 11.7 63.7
4 9.8 59.1
39 3
1 10.9 63.4
2 10.1 59.5
3 11.2 63.7
40 3
1 10.9 63.5
3 11.4 63.7
4 9.8 61.8
41 1
4 9.7 60.0
42 3
2 10.4 62.1
3 11.1 63.7
4 9.9 60.9
43 4
1 10.8 61.7
2 10.3 61.3
3 11.7 64.7
4 9.2 60.5
44 4
1 10.7 63.8
2 10.1 60.8
3 11.4 63.4
4 9.5 61.0
45 4
1 10.7 62.8
2 10.7 61.2
3 11.8 62.9
4 9.5 59.7
46 2
1 10.7 62.5
2 9.8 61.9
47 1
1 10.6 61.7
48 2
3 11.5 63.9
4 10.0 60.1
49 2
1 10.8 61.4
2 10.6 61.9
50 4
1 10.9 62.9
2 10.3 60.9
3 11.1 64.5
4 9.8 60.1
51 3
1 10.6 61.7
3 11.5 63.1
4 10.0 61.8
52 4
1 11.2 63.1
2 10.1 62.1
3 11.1 64.0
4 9.7 60.5
53 4
1 10.6 63.7
2 9.8 61.6
3 11.3 64.4
4 10.1 59.4
54 3
1 10.7 62.1
3 11.9 62.7
4 9.5 59.6
55 4
1 11.1 64.0
2 9.9 60.0
3 12.1 64.5
4 9.9 60.7
56 2
3 11.5 65.5
4 9.6 59.7
57 1
4 10.2 59.4
58 2
3 12.0 64.1
4 10.3 59.9
59 4
1 11.4 63.2
2 10.0 61.5
3 11.6 64.7
4 10.1 60.7
60 3
2 9.9 59.7
3 11.8 64.6
4 9.8 61.7
61 4
1 10.9 63.3
2 10.2 61.0
3 11.8 64.5
4 10.0 62.1
62 4
1 11.6 62.7
2 10.8 62.2
3 12.0 64.0
4 10.1 60.7
63 3
2 10.6 61.2
3 11.4 63.4
4 10.0 60.8
64 4
1 10.7 62.7
2 10.0 62.5
3 11.7 64.1
4 10.2 60.8
65 2
2 10.1 60.0
4 9.6 60.6
66 4
1 11.4 63.5
2 10.5 62.3
3 11.9 63.0
4 9.5 61.2
67 4
1 11.5 61.6
2 10.2 61.8
3 12.0 65.2
4 10.0 60.8
68 0
69 2
1 11.1 61.5
4 9.8 61.0
70 3
2 10.7 62.5
3 11.6 64.8
4 10.1 61.9
71 2
2 10.7 62.7
4 9.6 61.9
72 2
1 11.4 62.9
2 10.4 62.7
73 1
4 10.4 59.5
74 4
1 11.6 63.1
2 10.8 62.5
3 12.1 63.7
4 9.9 60.1
75 0
76 2
2 10.8 61.0
4 9.6 61.0
77 4
1 10.9 62.0
2 10.9 62.6
3 12.2 64.3
4 9.9 61.9
78 0
79 1
2 10.2 61.7
80 4
1 11.2 64.3
2 10.9 62.7
3 11.5 65.1
4 9.9 59.9
81 3
1 11.0 62.4
2 10.1 60.9
4 9.7 60.7
82 2
3 12.2 63.0
4 10.1 61.8
83 4
1 11.6 64.5
2 10.1 61.4
3 11.6 63.3
4 10.0 61.4
84 4
1 10.8 63.4
2 10.9 60.0
3 12.1 64.3
4 10.4 62.0
85 1
4 9.7 61.9
86 4
1 11.5 64.1
2 10.0 62.6
3 11.5 64.7
4 10.1 61.4
87 3
2 10.7 60.3
3 12.2 64.3
4 9.8 60.0
88 4
1 11.5 62.6
2 10.7 62.3
3 11.4 64.6
4 10.1 60.1
89 2
2 10.8 61.3
4 9.7 62.0
90 4
1 11.8 64.2
2 10.0 60.6
3 12.1 65.4
4 9.7 61.7
91 1
3 12.3 65.3
92 4
1 11.6 63.5
2 10.4 62.1
3 11.4 65.9
4 10.5 60.4
93 3
2 10.1 61.0
3 12.1 63.2
4 10.5 61.4
94 0
95 4
1 11.1 63.6
2 10.6 62.0
3 11.8 65.0
4 10.2 60.7
96 4
1 10.9 63.5
2 10.8 61.0
3 11.9 65.6
4 10.3 60.6
97 3
2 10.9 62.1
3 11.6 65.2
4 9.8 61.6
98 3
1 11.6 64.1
3 11.6 63.6
4 10.3 59.7
99 1
2 10.6 60.2
100 2
1 11.7 62.1
4 10.3 61.0
101 2
3 12.1 64.9
4 10.0 61.9
102 2
3 12.2 63.3
4 10.0 61.5
103 0
104 1
4 10.4 59.9
105 3
2 10.9 62.0
3 12.0 65.3
4 10.0 62.0
106 3
1 11.9 63.7
3 11.5 64.3
4 10.4 60.5
107 2
1 11.0 63.5
4 10.3 61.7
108 2
3 11.8 64.5
4 10.3 61.0
109 2
1 11.2 63.7
2 11.1 62.6
110 2
1 11.2 64.5
4 10.5 61.3
111 4
1 11.5 62.5
2 10.7 63.0
3 12.4 65.0
4 9.9 60.4
112 4
1 11.4 64.7
2 10.7 60.9
3 11.5 63.3
4 9.9 62.4
113 1
2 10.7 61.8
114 0
115 4
1 11.3 64.8
2 11.1 61.1
3 12.2 64.0
4 10.4 62.2
116 3
2 10.2 60.6
3 11.6 65.3
4 10.5 60.4
117 2
1 11.8 62.4
4 10.0 62.1
118 1
2 10.4 62.6
119 1
1 11.3 63.4
120 2
2 11.0 62.1
4 10.4 61.3
121 4
1 11.9 63.8
2 11.2 62.4
3 11.7 65.9
4 10.1 61.3
122 4
1 11.5 64.5
2 10.7 61.7
3 12.4 63.8
4 9.8 62.1
123 4
1 11.5 62.2
2 10.7 62.3
3 12.2 63.4
4 10.5 61.4
124 4
1 11.1 64.7
2 10.9 62.5
3 12.1 64.6
4 10.2 62.5
125 4
1 11.4 63.7
2 11.1 62.5
3 11.6 65.3
4 9.9 62.9
126 1
4 10.3 61.9
127 3
1 11.5 62.7
3 12.2 65.8
4 10.1 62.4
128 3
2 10.5 62.1
3 12.5 66.2
4 9.8 63.0
129 3
2 10.7 62.3
3 11.8 63.6
4 9.9 62.8
130 4
1 11.8 64.8
2 10.9 60.8
3 11.8 65.4
4 10.1 61.6
131 2
1 11.9 65.1
2 11.3 61.7
132 1
3 11.9 64.3
133 0
134 4
1 11.4 64.3
2 10.6 63.3
3 12.6 65.7
4 10.3 61.8
135 4
1 11.4 64.1
2 10.8 61.6
3 12.0 64.1
4 10.5 60.2
136 3
1 11.5 64.7
3 11.7 65.2
4 10.8 61.0
137 2
1 11.5 63.7
4 10.4 62.1
138 2
1 11.3 62.9
2 10.5 63.3
139 4
1 11.8 64.9
2 10.5 61.0
3 12.3 64.5
4 10.2 63.2
140 4
1 12.0 63.7
2 11.1 63.3
3 12.5 63.7
4 10.9 61.0
141 4
1 11.7 63.9
2 10.8 62.1
3 11.9 65.6
4 10.5 60.3
142 4
1 12.1 65.0
2 11.4 62.7
3 12.4 64.1
4 10.5 62.6
143 4
1 11.9 62.5
2 10.4 62.7
3 12.0 65.3
4 10.9 61.3
144 3
2 10.9 60.9
3 12.4 65.5
4 10.7 61.4
145 0
146 2
2 11.0 61.0
4 10.7 61.8
147 1
1 12.0 64.8
148 2
1 11.7 63.2
2 11.2 62.8
149 4
1 11.4 65.3
2 10.6 62.1
3 12.5 66.1
4 10.2 61.4
150 3
1 11.4 63.4
2 11.4 63.0
4 10.5 61.9
151 0
152 3
2 10.5 61.2
3 12.1 64.1
4 10.3 63.1
153 3
2 11.1 62.6
3 12.2 65.8
4 10.8 63.2
154 4
1 11.5 63.5
2 11.3 61.7
3 12.2 65.5
4 10.2 61.4
155 3
1 11.3 64.2
3 12.5 65.2
4 10.5 62.3
156 2
3 12.8 65.1
4 10.8 63.0
157 4
1 11.7 63.9
2 11.2 63.6
3 12.5 64.2
4 10.9 63.5
158 4
1 12.1 63.2
2 11.0 62.4
3 11.9 65.2
4 10.6 61.8
159 3
2 10.7 63.0
3 12.0 66.6
4 10.8 62.3
160 3
2 10.7 62.9
3 12.4 64.0
4 10.4 62.0
161 4
1 12.1 65.4
2 11.2 62.4
3 11.9 65.1
4 10.9 61.7
162 4
1 12.2 64.8
2 11.1 61.3
3 12.2 66.7
4 10.6 60.9
163 2
1 12.3 64.5
2 11.4 63.7
164 4
1 11.8 63.8
2 11.2 62.0
3 12.0 65.6
4 10.6 63.3
165 2
1 12.1 63.3
4 10.8 61.0
166 0
167 2
3 11.9 64.3
4 10.6 60.7
168 4
1 12.2 62.8
2 11.1 62.2
3 12.8 64.1
4 10.3 61.4
169 4
1 12.0 63.5
2 10.8 63.0
3 12.1 65.9
4 10.5 62.7
170 3
1 11.6 64.5
2 10.7 63.7
4 10.5 62.9
171 3
1 11.9 63.7
3 12.3 66.5
4 10.2 63.5
172 3
1 12.2 63.7
3 12.5 66.9
4 10.1 62.1
173 2
3 12.0 64.5
4 10.3 63.5
174 4
1 12.3 65.3
2 11.3 63.6
3 11.9 64.6
4 10.6 62.1
175 1
4 10.2 62.0
176 2
1 12.4 63.0
4 10.9 63.6
177 3
2 11.4 64.0
3 12.0 66.3
4 10.5 63.3
178 2
1 11.5 64.3
2 10.8 62.9
179 2
2 11.4 61.4
4 10.4 62.4
180 4
1 11.5 63.6
2 11.6 64.3
3 12.6 64.2
4 10.2 62.3
181 2
1 12.0 65.5
4 10.2 63.1
182 2
1 12.5 63.7
4 11.1 62.6
183 4
1 12.2 64.3
2 11.7 62.9
3 12.8 65.1
4 10.6 61.4
184 0
185 4
1 12.0 63.9
2 11.5 62.4
3 12.6 64.5
4 10.3 60.9
186 4
1 11.9 65.2
2 11.6 61.9
3 12.5 66.8
4 10.3 62.8
187 3
2 10.7 63.3
3 12.2 64.5
4 10.6 63.8
188 2
1 11.8 63.9
4 10.9 63.5
189 3
1 11.5 64.9
3 12.8 65.2
4 10.4 61.3
190 4
1 12.5 63.3
2 11.0 63.8
3 12.6 65.5
4 10.4 63.2
191 4
1 11.8 65.2
2 11.6 63.1
3 12.4 65.1
4 10.6 62.9
192 3
2 10.8 62.3
3 12.6 64.8
4 10.9 63.5
193 3
1 11.9 63.2
3 12.7 64.5
4 10.8 62.5
194 3
1 11.7 65.5
3 12.1 66.5
4 10.8 63.0
195 1
3 12.4 65.6
196 4
1 12.3 64.4
2 11.5 63.2
3 12.8 66.1
4 10.7 63.3
197 4
1 11.7 63.5
2 11.3 63.9
3 12.5 64.6
4 10.8 63.4
198 3
1 12.0 64.3
2 11.0 62.7
3 13.0 65.3
199 3
2 11.3 64.2
3 12.7 67.3
4 11.2 63.3
200 2
1 12.2 64.9
4 10.9 62.2
201 1
1 11.8 63.9
202 4
1 11.8 64.6
2 10.8 63.2
3 12.6 66.8
4 11.1 61.7
203 3
1 12.0 65.5
3 13.1 66.7
4 11.1 63.1
204 2
1 12.6 64.8
2 11.0 62.3
205 2
1 12.3 66.0
4 10.7 63.0
206 1
1 12.2 64.6
207 3
1 12.4 65.6
3 12.5 65.6
4 10.5 63.5
208 2
1 12.4 66.2
4 11.1 64.1
209 4
1 12.6 65.7
2 11.2 61.8
3 13.0 65.9
4 11.0 62.2
210 3
1 12.5 66.2
3 13.0 67.0
4 11.0 62.9
211 4
1 12.5 65.2
2 11.2 64.0
3 13.0 66.9
4 10.5 61.8
212 4
1 12.0 65.8
2 11.2 62.3
3 13.1 67.2
4 10.8 63.7
213 2
1 12.1 66.2
2 11.6 63.0
214 2
2 11.6 62.1
4 10.7 62.2
215 4
1 12.1 65.6
2 11.3 64.1
3 12.6 65.2
4 10.5 62.1
216 3
1 12.4 65.4
3 12.3 65.2
4 11.3 64.2
217 4
1 12.4 65.6
2 11.1 64.1
3 12.4 67.6
4 11.1 63.7
218 4
1 12.3 66.2
2 11.5 63.9
3 12.9 66.1
4 10.9 63.6
219 2
2 11.3 63.6
4 10.8 63.9
220 4
1 11.9 65.6
2 11.9 64.3
3 13.0 67.5
4 10.8 62.2
221 4
1 12.4 65.9
2 11.5 62.7
3 13.0 66.5
4 11.1 63.4
222 1
1 12.6 64.2
223 3
1 12.0 64.7
3 12.6 66.2
4 10.5 61.4
224 2
2 11.9 64.4
3 13.2 66.4
225 3
1 12.6 63.8
3 13.0 67.3
4 10.5 63.6
226 4
1 12.4 64.6
2 11.7 64.6
3 13.0 67.5
4 11.3 62.9
227 1
1 12.7 66.5
228 2
1 12.4 65.7
2 11.2 64.2
229 3
2 11.7 62.4
3 12.9 65.1
4 10.8 64.0
230 3
1 12.1 66.1
2 11.2 64.7
4 10.7 61.6
231 3
2 11.7 63.3
3 12.4 66.9
4 10.7 64.0
232 2
1 12.4 63.9
3 13.2 65.2
233 4
1 12.3 65.3
2 11.3 63.5
3 12.5 66.5
4 11.3 62.9
234 2
3 12.7 67.8
4 11.2 62.0
235 4
1 12.4 65.2
2 11.1 64.9
3 12.5 67.5
4 11.4 64.2
236 4
1 11.8 63.9
2 11.6 64.2
3 13.3 65.8
4 11.1 63.7
237 3
1 12.6 65.4
3 13.3 67.3
4 10.6 63.5
238 2
2 11.1 64.1
3 12.7 65.9
239 2
2 11.7 62.6
3 12.9 65.3
240 1
1 12.2 66.4
241 4
1 12.2 65.4
2 12.0 64.9
3 12.4 65.5
4 11.2 63.3
242 2
1 12.0 64.0
2 11.7 64.3
243 4
1 12.0 64.2
2 11.4 62.6
3 12.6 65.8
4 11.1 63.8
244 4
1 12.6 66.6
2 11.4 64.5
3 13.3 66.8
4 11.1 63.2
245 2
3 12.5 67.3
4 11.5 63.2
246 4
1 12.7 65.7
2 11.4 62.8
3 13.0 66.5
4 11.3 62.3
247 4
1 12.5 64.0
2 12.1 64.3
3 12.6 67.9
4 10.7 62.7
248 4
1 12.8 65.9
2 12.0 64.9
3 13.4 67.7
4 10.9 63.7
249 4
1 12.9 65.1
2 11.4 64.4
3 13.3 67.6
4 11.2 63.6
250 4
1 12.2 64.4
2 11.4 63.5
3 13.2 67.8
4 11.0 63.6
251 2
1 12.3 64.1
3 13.1 65.8
252 1
4 11.6 62.9
253 0
254 4
1 12.9 66.4
2 11.3 64.1
3 12.5 66.4
4 10.8 63.8
255 2
1 12.5 66.9
2 11.3 63.1
256 2
1 12.5 65.5
4 11.4 64.5
257 4
1 12.0 65.2
2 11.9 64.4
3 12.5 67.0
4 10.7 63.3
258 0
259 4
1 12.3 65.6
2 11.3 64.0
3 13.2 68.0
4 10.7 64.0
260 2
1 12.2 65.5
3 13.1 65.6
261 3
1 12.2 65.4
3 12.8 67.8
4 11.6 62.3
262 2
2 11.5 64.0
4 11.5 63.3
263 3
1 12.9 64.5
2 11.4 64.0
4 11.2 64.0
264 2
1 12.1 67.0
2 11.6 64.9
265 4
1 12.3 67.0
2 11.6 64.1
3 12.9 67.5
4 11.3 63.8
266 2
1 12.9 64.9
4 10.8 64.0
267 4
1 13.0 64.7
2 11.7 64.2
3 13.4 67.3
4 11.0 63.4
268 4
1 12.9 65.0
2 11.9 64.4
3 12.9 66.1
4 10.8 64.8
269 3
2 11.5 64.4
3 13.3 67.4
4 11.4 63.7
270 2
3 12.6 66.9
4 11.2 64.6
271 1
3 12.9 68.4
272 2
3 13.0 66.6
4 11.1 64.2
273 3
1 12.9 64.6
2 12.2 65.4
3 12.7 67.9
274 2
1 12.8 66.5
2 12.2 65.6
275 4
1 12.2 66.7
2 12.2 65.0
3 12.6 67.3
4 11.0 63.6
276 2
2 11.8 62.8
4 11.3 62.8
277 4
1 12.3 65.5
2 11.7 65.1
3 13.2 65.8
4 11.0 63.9
278 2
3 13.3 67.8
4 11.6 63.5
279 2
3 13.2 66.5
4 11.1 64.4
280 4
1 12.4 64.4
2 12.2 63.1
3 12.9 65.8
4 11.1 63.3
281 3
1 12.9 66.7
3 13.6 66.4
4 11.1 64.1
282 2
1 12.7 66.8
2 11.6 65.3
283 2
3 13.0 65.9
4 11.6 64.2
284 3
2 12.1 65.0
3 13.1 66.7
4 11.1 65.0
285 1
3 13.2 66.7
286 2
1 13.1 64.9
4 11.9 64.7
287 2
3 13.0 67.0
4 11.8 64.0
288 2
1 13.0 67.2
4 11.9 63.9
289 4
1 12.8 65.4
2 12.0 63.3
3 13.6 68.1
4 11.9 63.9
290 3
2 12.0 63.0
3 13.7 66.4
4 11.8 63.5
291 4
1 13.2 66.6
2 11.4 63.4
3 12.8 67.9
4 11.2 64.3
292 4
1 13.1 65.3
2 12.2 63.9
3 13.2 67.8
4 11.9 62.5
293 1
2 11.9 63.4
294 4
1 12.3 65.2
2 12.2 63.0
3 13.3 67.1
4 11.8 63.1
295 0
296 4
1 12.4 64.8
2 12.4 64.2
3 13.6 68.3
4 11.5 64.4
297 4
1 12.4 66.1
2 12.0 64.5
3 13.4 66.8
4 11.9 63.0
298 4
1 13.0 66.6
2 12.1 64.2
3 13.5 68.6
4 11.1 63.7
299 2
2 12.4 65.8
4 12.0 64.4
300 4
1 13.1 66.6
2 12.0 64.5
3 13.6 66.9
4 11.1 63.7
301 4
1 12.8 64.8
2 11.6 63.6
3 13.4 67.8
4 11.7 64.0
302 3
1 12.3 66.4
2 12.5 63.8
3 13.2 66.8
303 1
3 13.2 66.4
304 4
1 12.8 67.6
2 11.6 66.0
3 13.4 67.2
4 11.5 64.3
305 3
2 12.0 63.9
3 13.0 68.0
4 11.6 64.9
306 2
1 12.5 66.5
2 12.2 63.9
307 4
1 12.4 64.8
2 12.2 63.1
3 13.2 66.3
4 11.5 63.7
308 0
309 2
1 12.6 67.4
4 11.4 65.0
310 4
1 12.8 65.2
2 12.3 64.2
3 13.7 67.4
4 11.5 63.7
311 3
2 12.5 65.8
3 13.0 68.6
4 11.5 63.0
312 3
1 12.5 67.5
3 13.4 68.4
4 11.7 64.0
313 4
1 12.6 67.7
2 12.5 65.6
3 13.0 68.3
4 11.7 63.4
314 1
3 13.5 68.2
315 4
1 13.1 66.6
2 11.8 63.3
3 13.2 68.8
4 11.6 64.1
316 4
1 13.3 66.0
2 11.8 65.7
3 13.3 67.2
4 11.5 65.3
317 4
1 12.9 65.2
2 11.9 63.6
3 13.7 66.2
4 11.7 64.7
318 1
2 11.9 64.3
319 4
1 13.3 67.4
2 12.5 64.1
3 13.1 67.2
4 11.2 62.8
320 1
4 11.7 63.2
321 1
4 11.6 64.0
322 2
1 13.1 65.7
4 11.2 63.9
323 4
1 12.7 66.5
2 11.8 65.8
3 13.2 67.7
4 11.5 64.5
324 2
1 12.6 67.4
3 13.6 68.3
325 4
1 12.7 66.9
2 11.9 65.6
3 13.3 68.2
4 12.0 63.4
326 0
327 2
2 11.8 65.6
4 11.4 63.2
328 4
1 12.6 67.7
2 11.7 65.9
3 13.3 68.6
4 11.9 64.1
329 4
1 12.8 66.3
2 11.8 64.8
3 13.9 68.4
4 12.2 63.0
330 1
2 12.4 65.7
331 4
1 13.3 66.1
2 11.9 63.8
3 13.5 69.0
4 11.4 64.6
332 1
4 11.7 63.6
333 4
1 12.9 67.7
2 11.8 65.3
3 13.3 66.9
4 11.8 65.1
334 4
1 13.0 67.4
2 12.1 65.4
3 13.7 68.3
4 11.4 64.2
335 2
1 13.4 67.7
4 12.0 63.6
336 1
2 11.8 64.8
337 3
2 12.0 65.4
3 13.7 66.8
4 11.4 63.4
338 0
339 4
1 12.6 67.8
2 12.2 63.8
3 13.3 69.3
4 11.5 63.1
340 2
3 13.4 69.1
4 11.5 65.3
341 4
1 13.1 65.7
2 12.7 65.3
3 13.5 66.6
4 11.7 65.5
342 2
2 12.3 64.4
3 13.2 68.4
343 1
4 11.6 65.3
344 4
1 13.0 67.4
2 11.8 66.0
3 13.2 68.4
4 11.8 64.9
345 3
2 12.5 64.2
3 13.4 69.4
4 11.6 63.5
346 3
2 12.1 64.1
3 13.5 68.8
4 11.6 63.6
347 2
3 13.3 68.6
4 12.2 65.0
348 2
2 12.3 66.3
4 12.3 65.2
349 2
3 13.4 67.5
4 12.0 64.8
350 2
2 12.1 65.0
3 13.8 66.8
351 1
4 11.5 65.7
352 1
4 11.6 65.6
353 3
1 12.7 67.8
3 13.5 66.8
4 12.1 65.0
354 3
1 13.6 65.8
3 13.3 69.4
4 11.7 65.6
355 2
2 12.5 65.5
4 12.0 64.8
356 1
3 13.5 68.3
357 2
2 12.1 64.6
4 11.7 63.9
358 4
1 13.3 67.7
2 12.1 64.1
3 13.2 68.7
4 12.2 65.6
359 4
1 12.9 66.8
2 12.8 64.5
3 13.9 69.6
4 11.9 65.6
360 4
1 13.2 66.3
2 12.8 64.4
3 13.9 69.6
4 12.3 66.1
361 4
1 13.5 66.1
2 12.8 64.2
3 14.1 68.5
4 12.4 66.0
362 2
1 12.9 67.7
4 12.0 64.2
363 3
1 13.3 67.8
2 12.1 65.5
3 13.8 66.8
364 2
3 13.7 67.1
4 12.2 64.2
365 3
1 13.5 67.0
2 12.0 66.2
3 14.2 67.1
366 4
1 13.4 67.1
2 12.5 65.4
3 14.1 69.6
4 11.6 64.1
367 2
2 12.4 66.8
4 12.4 64.6
368 3
2 12.7 66.2
3 13.4 68.7
4 11.9 65.6
369 1
1 13.6 66.3
370 1
2 12.1 66.6
371 4
1 13.5 67.5
2 12.1 64.9
3 13.7 69.4
4 12.4 64.6
372 2
1 13.0 68.1
4 12.3 66.1
373 4
1 13.1 65.9
2 12.6 65.4
3 13.3 67.8
4 12.2 64.1
374 4
1 13.7 66.9
2 12.1 65.3
3 14.1 67.0
4 11.9 64.8
375 2
2 12.2 64.5
4 12.5 65.0
376 4
1 13.0 68.1
2 12.9 66.1
3 14.1 69.7
4 12.0 64.0
377 0
378 2
2 12.5 66.8
3 13.8 67.6
379 4
1 13.1 66.9
2 12.4 65.3
3 13.9 69.0
4 11.7 63.8
380 4
1 13.8 68.6
2 12.5 65.8
3 13.9 67.6
4 11.6 64.1
381 2
1 13.7 68.4
4 12.2 65.9
382 2
1 13.5 67.9
2 12.1 66.0
383 2
1 13.1 66.8
4 12.1 65.1
384 4
1 13.2 65.9
2 12.4 64.3
3 14.3 68.1
4 12.0 64.6
385 3
2 12.6 66.6
3 13.9 69.0
4 12.0 65.0
386 1
3 14.3 67.4
387 2
3 14.2 69.4
4 12.1 66.0
388 4
1 13.2 65.8
2 12.4 66.3
3 14.3 67.6
4 12.4 65.9
389 4
1 13.8 67.6
2 12.7 67.0
3 13.6 68.4
4 12.4 64.9
390 1
1 13.3 68.1
391 4
1 13.1 68.3
2 12.4 67.1
3 13.5 67.5
4 12.3 64.0
392 2
3 13.7 68.3
4 12.2 66.2
393 1
3 13.8 68.8
394 4
1 13.2 67.2
2 13.0 64.8
3 13.8 69.8
4 11.9 63.8
395 4
1 13.0 68.6
2 12.5 65.2
3 13.9 69.5
4 12.0 65.1
396 2
1 13.4 68.5
2 13.0 66.7
397 2
1 13.9 67.3
2 12.2 67.0
398 4
1 13.7 68.7
2 12.3 64.4
3 13.9 69.0
4 12.1 66.2
399 2
1 13.1 66.7
2 12.3 65.1
400 1
3 14.4 68.7
401 4
1 13.9 68.4
2 12.7 65.3
3 13.9 68.8
4 11.8 66.6
402 3
2 12.5 67.0
3 14.0 67.8
4 12.0 65.9
403 3
1 13.9 67.4
2 12.9 67.3
4 12.5 64.0
404 4
1 13.4 67.2
2 13.1 67.3
3 14.0 69.4
4 11.9 66.9
405 4
1 13.0 67.9
2 12.6 65.9
3 13.7 69.2
4 11.7 64.4
406 4
1 13.1 68.5
2 12.6 66.4
3 13.5 67.4
4 11.7 66.0
407 2
1 13.6 66.6
2 12.3 67.4
408 3
1 13.3 67.9
2 13.0 67.1
3 14.5 67.4
409 1
3 14.2 67.7
410 4
1 13.4 68.9
2 13.0 67.0
3 13.8 68.1
4 12.5 65.1
411 1
1 13.3 66.6
412 3
2 12.8 65.9
3 14.2 68.3
4 11.9 66.6
413 2
1 13.6 68.8
2 12.6 66.4
414 4
1 13.2 67.2
2 13.0 64.9
3 14.4 69.4
4 12.5 65.9
415 2
2 13.1 64.8
4 12.0 64.3
416 2
2 12.4 65.2
4 12.5 65.7
417 4
1 13.4 67.6
2 12.7 65.9
3 14.2 67.8
4 11.8 64.4
418 1
4 12.3 66.0
419 4
1 13.4 68.9
2 13.1 66.4
3 14.4 68.8
4 12.6 65.6
420 2
1 13.7 69.2
3 13.6 68.7
421 4
1 13.2 67.6
2 12.4 66.0
3 13.8 70.5
4 12.6 65.8
422 1
4 12.5 64.8
423 1
3 14.0 68.2
424 2
1 13.9 67.9
4 12.3 65.5
425 4
1 13.9 67.2
2 13.2 66.6
3 13.9 70.1
4 12.0 66.2
426 2
1 13.4 68.8
2 13.1 67.2
427 4
1 13.3 66.6
2 13.1 66.3
3 14.1 69.6
4 12.4 67.2
428 4
1 14.0 67.0
2 13.2 66.9
3 14.4 68.2
4 12.6 66.7
429 4
1 13.9 67.8
2 13.0 67.3
3 14.7 69.3
4 12.3 66.7
430 3
2 12.6 65.4
3 14.5 70.5
4 12.4 65.1
431 4
1 13.9 69.3
2 13.1 67.3
3 14.1 68.8
4 12.0 64.7
432 2
1 14.2 69.1
2 13.0 65.1
433 1
2 12.7 65.0
434 4
1 14.0 68.5
2 13.2 65.6
3 14.6 68.4
4 12.4 66.9
435 2
3 14.3 68.6
4 12.8 65.0
436 4
1 13.4 68.5
2 13.3 65.5
3 14.1 67.8
4 12.1 65.8
437 2
2 12.9 66.5
4 12.6 66.6
438 1
1 13.5 67.5
439 3
2 13.4 66.7
3 14.6 68.2
4 12.9 65.5
440 2
3 14.6 68.1
4 12.1 64.7
441 0
442 3
1 14.0 67.1
2 13.1 65.7
3 14.5 70.7
443 4
1 13.8 67.5
2 13.2 67.7
3 14.6 68.6
4 12.8 66.6
444 1
2 13.3 66.1
445 2
3 14.3 69.1
4 12.2 67.2
446 4
1 13.4 68.7
2 13.1 65.9
3 14.5 69.1
4 12.6 64.8
447 4
1 14.0 67.6
2 12.6 67.2
3 14.0 70.6
4 12.7 67.5
448 4
1 14.2 68.4
2 13.3 66.9
3 14.0 69.1
4 12.3 66.1
449 2
2 13.0 66.3
4 12.1 65.2
450 2
3 14.4 69.5
4 12.1 66.0
451 1
4 12.3 66.9
452 2
1 14.0 68.5
2 12.9 67.4
453 2
3 14.2 68.4
4 12.7 67.0
454 2
1 13.8 67.9
2 13.4 66.7
455 3
1 14.3 69.1
2 13.2 66.7
4 12.6 67.2
456 3
1 13.7 67.6
3 14.3 68.3
4 12.5 66.9
457 4
1 14.2 67.4
2 13.5 65.9
3 14.7 69.5
4 12.2 65.6
458 4
1 13.5 67.5
2 13.4 66.4
3 14.2 70.5
4 12.8 65.6
459 4
1 14.1 69.5
2 13.1 68.1
3 14.4 70.6
4 12.6 66.6
460 3
1 13.6 69.5
2 13.0 65.7
4 12.9 66.1
461 2
3 14.6 68.4
4 12.9 65.8
462 4
1 13.5 67.5
2 13.4 66.9
3 14.5 68.4
4 12.2 66.0
463 4
1 14.4 69.8
2 13.0 67.0
3 14.4 70.4
4 12.2 65.7
464 4
1 14.1 68.7
2 12.9 66.2
3 14.2 70.7
4 13.0 67.4
465 1
3 14.4 70.7
466 4
1 13.5 68.7
2 13.1 66.3
3 14.3 69.8
4 12.9 65.3
467 1
1 14.4 67.1
468 2
3 14.5 69.5
4 12.2 67.4
469 4
1 14.4 67.8
2 13.5 66.1
3 15.0 70.7
4 12.5 65.3
470 4
1 14.0 69.9
2 13.0 66.2
3 14.5 70.0
4 12.7 65.7
471 4
1 13.8 67.3
2 13.1 67.5
3 14.0 71.0
4 13.1 67.6
472 3
1 13.9 68.6
3 14.2 70.4
4 13.1 65.1
473 3
1 13.7 67.6
2 13.5 66.3
3 14.8 70.3
474 1
4 12.6 64.9
475 2
3 14.9 69.9
4 12.6 65.1
476 2
1 14.1 67.5
4 12.7 65.4
477 1
2 12.8 66.4
478 2
3 14.8 70.3
4 12.4 65.3
479 3
1 14.4 67.6
3 14.2 70.6
4 12.5 66.7
480 2
1 14.2 68.6
3 14.2 69.8
481 1
4 12.7 67.5
482 4
1 14.3 67.6
2 13.7 67.7
3 14.8 68.5
4 12.4 65.2
483 3
1 13.7 68.3
3 14.6 70.6
4 13.0 67.1
484 4
1 13.7 69.6
2 13.5 66.3
3 14.7 69.7
4 12.9 67.5
485 3
1 14.3 69.3
3 14.3 71.2
4 12.5 67.1
486 2
1 14.0 68.4
3 14.9 69.1
487 4
1 14.0 69.4
2 12.9 65.7
3 14.2 71.3
4 12.9 67.0
488 1
2 13.7 68.2
489 1
3 14.2 70.1
490 3
1 14.3 68.3
2 13.4 68.1
4 12.5 67.0
491 0
492 2
1 14.1 68.1
4 12.9 65.5
493 4
1 14.0 68.0
2 12.9 65.8
3 14.2 69.7
4 13.0 67.8
494 0
495 3
2 13.0 66.8
3 14.5 70.9
4 12.7 66.8
496 2
1 14.2 69.3
2 13.1 68.6
497 4
1 14.6 67.9
2 13.1 65.8
3 14.5 68.6
4 12.4 67.5
498 2
2 13.2 66.0
3 14.4 69.5
499 4
1 13.8 67.5
2 13.7 68.4
3 14.3 69.1
4 12.6 67.3
500 4
1 14.4 68.0
2 13.8 67.8
3 14.2 71.5
4 13.3 66.6
501 2
2 13.4 67.4
4 12.8 65.5
502 4
1 14.4 67.7
2 13.4 66.3
3 15.2 70.0
4 13.1 67.8
503 1
4 13.2 65.3
504 2
3 15.0 70.3
4 13.1 66.7
505 2
2 13.1 65.9
4 12.7 67.8
506 2
1 13.8 70.3
2 13.7 66.5
507 2
1 13.9 67.9
4 13.0 67.5
508 3
1 14.4 68.7
2 13.2 67.6
3 14.5 68.8
509 1
2 13.7 68.4
510 4
1 14.4 69.0
2 13.6 68.7
3 14.9 71.5
4 13.0 67.0
511 0
512 1
2 13.8 67.0
513 1
3 14.9 71.8
514 2
3 15.1 69.7
4 12.8 65.6
515 1
2 13.1 68.8
516 4
1 14.5 69.9
2 13.3 66.5
3 15.2 71.8
4 13.2 68.4
517 2
1 14.4 70.6
2 14.0 66.1
518 4
1 14.0 69.2
2 13.4 66.4
3 14.3 71.4
4 13.3 66.0
519 4
1 13.9 68.9
2 13.8 68.5
3 14.3 70.1
4 13.3 66.8
520 4
1 14.5 69.6
2 13.9 66.5
3 14.8 71.0
4 13.2 67.2
521 4
1 14.3 70.0
2 13.3 68.1
3 15.3 70.2
4 12.8 68.4
522 4
1 14.6 68.3
2 13.9 67.7
3 15.1 70.6
4 13.0 68.3
523 2
1 14.1 70.6
4 12.7 68.4
524 1
4 12.6 67.4
525 2
2 13.9 66.4
3 15.3 70.9
526 4
1 14.0 70.1
2 13.4 68.9
3 15.3 70.6
4 13.2 66.3
527 2
1 14.6 70.0
2 13.4 67.3
528 1
4 12.8 65.8
529 4
1 14.6 69.2
2 13.7 66.7
3 15.2 69.7
4 13.0 65.8
530 1
4 13.0 65.8
531 3
1 14.8 69.1
3 15.4 71.3
4 13.4 66.5
532 4
1 14.9 68.3
2 14.0 66.4
3 14.5 69.8
4 12.9 68.4
533 0
534 2
1 14.7 69.3
4 13.2 67.2
535 1
3 14.8 71.8
536 0
537 3
1 14.5 70.4
3 15.3 71.4
4 12.9 68.5
538 2
1 14.8 69.5
4 13.0 66.1
539 4
1 14.6 69.3
2 14.1 67.4
3 15.2 69.9
4 13.0 68.8
540 4
1 14.1 69.0
2 13.3 69.3
3 14.5 70.2
4 13.6 68.2
541 2
1 14.3 69.8
2 13.6 69.0
542 1
2 13.6 68.5
543 0
544 3
1 14.5 68.1
2 13.5 69.3
3 15.1 69.9
545 4
1 14.8 68.1
2 13.7 66.4
3 15.3 71.8
4 13.3 66.2
546 4
1 15.0 68.2
2 13.8 68.3
3 15.3 72.1
4 13.4 66.5
547 3
1 14.9 70.3
3 14.8 70.0
4 13.3 67.5
548 4
1 15.0 68.1
2 13.4 67.0
3 15.0 69.6
4 12.8 66.2
549 2
1 14.9 68.3
2 14.0 67.3
550 0
551 4
1 14.1 70.0
2 13.6 67.6
3 15.1 71.5
4 13.3 66.0
552 3
2 13.8 66.7
3 14.7 72.0
4 13.0 68.1
553 0
554 2
3 15.2 70.5
4 13.4 66.2
555 4
1 14.6 70.7
2 14.0 68.1
3 15.2 70.3
4 13.1 66.5
556 4
1 14.8 69.3
2 13.9 69.4
3 15.1 71.0
4 13.0 66.7
557 2
3 15.1 71.0
4 13.2 66.3
558 4
1 15.0 70.3
2 13.9 67.6
3 14.6 70.1
4 13.1 67.2
559 3
1 14.6 70.1
2 13.4 69.3
4 13.7 67.9
560 2
3 15.3 70.1
4 12.8 66.5
561 4
1 14.2 69.8
2 14.0 68.0
3 14.9 71.8
4 13.1 68.1
562 1
4 13.3 68.3
563 3
2 13.4 68.7
3 14.8 70.4
4 12.8 67.2
564 3
1 14.3 70.3
2 13.7 67.3
4 13.3 66.6
565 4
1 14.5 69.7
2 13.4 67.1
3 15.2 72.2
4 13.2 68.7
566 3
2 14.0 69.6
3 14.9 72.1
4 12.9 69.1
567 0
568 4
1 14.9 70.9
2 13.7 68.4
3 15.2 70.9
4 13.7 67.4
569 4
1 14.8 70.7
2 13.8 69.5
3 15.6 69.9
4 13.1 68.2
570 4
1 14.3 68.8
2 13.8 68.7
3 14.8 71.8
4 13.5 66.5
571 4
1 14.9 70.7
2 13.8 69.1
3 14.8 69.7
4 13.1 66.2
572 4
1 14.3 69.8
2 14.3 68.0
3 15.5 72.0
4 13.0 69.2
573 1
4 13.1 66.5
574 4
1 14.8 70.3
2 13.9 67.5
3 14.7 69.7
4 13.3 67.5
575 3
2 13.8 67.5
3 15.7 71.7
4 13.6 68.1
576 3
1 14.4 71.0
3 15.2 71.2
4 13.6 67.7
577 1
3 15.2 72.7
578 2
3 15.2 70.3
4 13.7 66.8
579 2
2 13.8 67.8
4 13.8 68.3
580 4
1 14.9 71.2
2 13.9 69.8
3 14.7 70.6
4 13.5 67.0
581 4
1 14.9 70.4
2 14.0 69.4
3 15.0 71.0
4 13.9 67.7
582 4
1 14.4 69.0
2 13.7 68.1
3 15.1 70.9
4 13.8 67.3
583 2
3 14.7 72.5
4 13.8 67.6
584 4
1 14.4 68.6
2 14.2 67.5
3 14.8 70.2
4 13.5 67.5
585 4
1 14.7 71.0
2 14.1 69.9
3 15.7 70.0
4 13.7 66.5
586 4
1 14.8 69.9
2 14.3 68.2
3 14.9 72.5
4 13.9 67.9
587 4
1 14.9 69.0
2 14.1 68.1
3 14.8 70.3
4 13.3 67.2
588 4
1 14.3 71.3
2 13.8 67.8
3 15.6 71.2
4 13.0 69.4
589 4
1 15.1 69.6
2 13.7 67.5
3 15.5 70.9
4 13.9 67.4
590 4
1 15.1 69.1
2 13.6 69.0
3 15.3 70.4
4 13.1 67.2
591 4
1 15.1 70.0
2 13.6 69.1
3 15.1 72.1
4 13.5 68.3
592 4
1 14.7 69.8
2 14.0 68.8
3 15.5 72.4
4 13.8 66.8
593 0
594 4
1 14.9 70.3
2 14.3 67.5
3 15.7 71.7
4 13.2 67.4
595 1
3 15.2 70.5
596 2
1 14.9 70.4
4 13.7 69.1
597 3
2 13.8 68.3
3 15.3 72.8
4 13.3 67.3
598 2
2 14.1 69.4
4 13.2 68.8
599 4
1 15.2 70.3
2 13.7 68.2
3 14.9 71.6
4 13.1 68.5
600 4
1 14.6 71.4
2 14.4 67.7
3 15.3 70.1
4 13.3 69.5
601 4
1 14.8 71.3
2 13.8 69.2
3 15.0 71.0
4 13.2 68.4
602 3
1 14.9 70.0
3 15.0 72.7
4 14.0 67.1
603 2
3 14.9 70.6
4 13.6 68.1
604 4
1 14.4 71.2
2 14.5 68.5
3 15.7 71.3
4 14.1 67.0
605 2
2 14.1 68.1
4 14.0 67.7
606 2
1 15.0 71.1
2 14.2 69.1
607 4
1 14.5 69.0
2 14.5 68.6
3 15.5 72.9
4 13.7 68.0
608 4
1 14.9 70.6
2 14.5 69.4
3 15.5 72.0
4 14.1 67.0
609 3
1 14.5 70.9
3 15.8 72.6
4 14.1 68.2
610 1
3 15.1 70.6
611 4
1 14.7 68.9
2 14.4 69.6
3 15.3 73.2
4 13.4 68.9
612 4
1 14.5 71.5
2 14.5 68.5
3 15.0 71.8
4 13.4 68.1
613 1
1 15.1 71.7
614 4
1 15.3 69.2
2 14.2 68.2
3 15.1 73.1
4 14.0 67.9
615 4
1 15.0 70.1
2 14.1 69.7
3 15.7 72.6
4 13.5 67.5
616 4
1 15.1 70.4
2 14.7 69.4
3 15.1 70.9
4 13.8 67.2
617 4
1 14.8 69.0
2 14.1 68.6
3 15.8 72.5
4 13.7 67.5
618 3
1 14.5 69.6
2 14.1 70.3
4 14.2 69.2
619 4
1 15.1 70.7
2 14.1 69.6
3 15.4 72.7
4 13.9 68.0
620 1
2 14.0 69.7
621 4
1 14.7 69.7
2 14.2 70.1
3 15.2 71.0
4 13.7 69.2
622 3
1 15.3 69.7
3 15.5 71.5
4 13.7 68.3
623 2
1 15.2 72.0
2 14.0 68.0
624 2
1 15.3 69.3
4 13.7 67.5
625 4
1 15.0 71.1
2 14.6 68.2
3 15.9 71.5
4 13.8 67.0
626 2
1 14.9 71.5
2 14.3 69.6
627 4
1 14.9 69.5
2 14.3 69.8
3 15.9 70.4
4 13.8 68.6
628 3
1 14.9 69.6
3 15.9 71.7
4 13.6 69.6
629 2
1 15.2 69.6
3 15.2 72.0
630 1
1 15.1 71.4
631 4
1 14.6 70.1
2 14.4 68.9
3 15.7 72.8
4 13.9 67.5
632 0
633 2
1 14.8 71.4
2 14.2 69.5
634 3
2 14.5 70.3
3 16.0 70.6
4 14.1 69.8
635 1
2 14.8 68.4
636 4
1 15.5 70.3
2 14.2 70.0
3 15.7 71.4
4 13.9 68.9
637 4
1 15.1 71.9
2 14.7 69.0
3 16.0 72.3
4 13.4 67.8
638 3
1 15.2 71.5
3 15.4 71.3
4 14.0 67.7
639 4
1 15.6 71.9
2 14.2 68.1
3 15.7 72.2
4 14.1 69.8
640 3
1 14.7 70.8
2 14.6 68.7
3 15.3 71.8
641 0
642 3
2 14.6 69.4
3 15.9 71.6
4 13.9 68.3
643 4
1 15.4 72.0
2 14.5 68.4
3 15.8 73.5
4 13.7 69.9
644 4
1 15.2 70.0
2 14.6 70.7
3 15.3 73.0
4 14.3 68.3
645 2
1 15.4 71.2
2 14.7 69.3
646 4
1 15.2 72.2
2 14.3 69.4
3 15.6 72.8
4 13.4 68.3
647 4
1 15.6 71.0
2 14.2 70.0
3 15.5 71.3
4 14.3 70.0
648 0
649 2
1 15.4 70.6
2 14.4 68.9
650 1
2 14.1 67.9
651 3
1 15.6 71.5
3 15.7 71.3
4 13.5 70.3
652 2
3 16.2 71.9
4 13.5 69.8
653 4
1 15.5 70.0
2 14.1 70.7
3 15.2 72.5
4 13.5 69.8
654 4
1 15.0 71.6
2 14.2 70.0
3 15.7 71.9
4 14.0 67.7
655 4
1 15.7 71.8
2 14.8 68.1
3 15.8 72.4
4 14.1 69.8
656 3
1 15.3 70.9
3 16.1 72.3
4 14.2 69.4
657 2
1 15.7 72.1
4 14.1 67.9
658 1
3 15.4 72.3
659 4
1 15.7 72.5
2 14.0 70.8
3 16.2 73.8
4 13.9 69.9
660 4
1 15.2 71.1
2 14.5 70.2
3 16.2 71.6
4 13.7 70.4
661 4
1 15.7 70.7
2 14.6 69.0
3 15.5 72.5
4 13.9 68.8
662 4
1 15.3 72.5
2 14.5 68.4
3 16.0 73.6
4 13.8 68.3
663 1
1 15.5 71.6
664 4
1 14.9 69.8
2 14.3 69.6
3 15.7 71.6
4 13.9 68.5
665 4
1 15.6 69.6
2 14.7 68.7
3 16.3 71.7
4 13.7 68.3
666 3
1 15.1 71.0
3 15.8 71.3
4 14.5 69.3
667 2
3 16.2 72.9
4 14.2 68.0
668 4
1 15.5 72.1
2 14.2 69.2
3 16.0 71.7
4 14.4 67.6
669 3
1 15.7 71.9
2 14.3 69.8
3 15.8 72.6
670 4
1 15.8 70.2
2 14.3 70.1
3 15.8 72.2
4 13.9 69.1
671 1
1 15.8 70.8
672 2
2 14.7 69.5
4 13.7 68.3
673 4
1 15.5 71.9
2 14.2 68.4
3 16.2 73.0
4 13.7 69.1
674 3
2 14.1 70.2
3 15.8 73.5
4 14.6 69.3
675 2
2 14.5 69.3
4 13.8 68.3
676 1
4 13.8 68.1
677 2
3 15.8 72.1
4 14.3 68.9
678 2
3 16.3 73.8
4 13.7 68.1
679 4
1 15.7 72.3
2 14.4 68.3
3 16.2 74.1
4 13.8 69.3
680 2
1 15.8 72.7
2 14.2 70.1
681 2
2 14.5 70.4
4 14.5 69.1
682 4
1 15.7 70.5
2 14.7 70.2
3 16.4 74.0
4 14.1 68.2
683 4
1 15.5 70.3
2 14.5 70.1
3 15.6 72.1
4 14.0 68.1
684 2
1 15.5 70.3
4 13.8 68.2
685 1
2 15.1 70.7
686 2
1 15.9 71.8
2 14.5 68.6
687 1
1 15.5 71.4
688 0
689 2
2 14.7 71.0
4 14.4 70.2
690 4
1 15.5 72.0
2 14.8 70.2
3 15.7 73.6
4 14.1 69.4
691 1
1 15.0 70.1
692 1
2 14.4 68.6
693 1
4 14.3 70.8
694 0
695 3
2 14.5 70.8
3 15.7 72.9
4 14.4 68.7
696 2
1 15.8 70.9
2 15.0 68.5
697 4
1 15.9 72.4
2 15.1 68.6
3 16.1 71.9
4 14.3 69.7
698 2
1 15.8 70.2
2 15.2 71.2
699 2
1 15.6 71.3
4 14.4 70.7
700 1
3 16.5 72.6
701 4
1 16.0 73.1
2 14.8 71.0
3 16.2 72.4
4 14.0 69.9
702 4
1 16.0 70.2
2 15.1 70.7
3 16.5 71.5
4 13.8 68.2
703 3
1 15.1 72.3
2 14.6 71.5
3 16.1 73.9
704 1
3 16.3 72.4
705 4
1 15.8 72.7
2 14.9 71.2
3 16.2 72.0
4 14.7 69.5
706 2
3 16.2 72.2
4 14.3 70.7
707 4
1 15.6 71.6
2 15.1 70.3
3 15.8 73.2
4 14.1 68.4
708 4
1 15.2 73.2
2 14.8 71.0
3 16.2 71.8
4 14.2 71.0
709 1
3 16.3 72.1
710 4
1 15.2 70.3
2 15.2 70.5
3 15.9 72.4
4 14.7 68.8
711 1
1 16.1 71.4
712 2
3 15.9 74.3
4 14.1 69.8
713 4
1 16.0 70.7
2 15.2 69.0
3 16.1 74.3
4 14.6 71.2
714 2
3 15.9 72.9
4 14.1 69.7
715 3
2 15.3 71.3
3 16.1 72.9
4 14.1 70.6
716 3
2 15.0 70.2
3 15.9 74.1
4 14.0 70.1
717 3
2 15.0 69.3
3 16.5 72.2
4 14.6 69.8
718 2
1 16.0 70.5
4 14.3 71.0
719 4
1 15.3 71.1
2 14.9 70.0
3 15.9 74.7
4 14.4 69.8
720 3
1 15.6 73.2
3 16.0 72.3
4 14.9 70.1
721 1
4 13.9 69.2
722 2
3 16.3 73.8
4 14.3 71.1
723 1
1 15.9 71.9
724 2
2 15.3 69.0
4 14.2 71.0
725 3
2 15.2 69.1
3 16.4 72.0
4 14.1 70.0
726 4
1 15.3 71.5
2 15.2 71.5
3 16.6 73.9
4 14.0 69.5
727 1
3 16.4 73.4
728 1
1 15.7 73.0
729 4
1 15.5 70.6
2 15.3 71.5
3 16.6 73.4
4 14.8 70.2
730 4
1 15.7 72.5
2 15.2 70.0
3 16.4 73.9
4 14.7 69.9
731 2
2 14.6 69.3
3 15.7 72.0
732 4
1 15.2 70.5
2 14.5 70.9
3 15.9 73.1
4 14.2 71.1
733 2
3 16.1 72.5
4 13.9 71.0
734 2
2 15.2 68.9
4 14.2 70.4
735 2
3 16.4 73.8
4 14.5 69.0
736 3
2 14.6 69.4
3 16.3 74.0
4 14.2 68.2
737 4
1 15.2 72.5
2 14.3 69.3
3 15.7 74.0
4 14.2 70.4
738 3
1 15.3 71.0
2 15.1 69.5
4 13.9 70.1
739 3
1 16.0 71.6
3 16.0 71.5
4 14.2 70.1
740 4
1 15.5 71.8
2 14.4 70.5
3 16.4 71.8
4 14.5 68.7
741 4
1 15.8 70.4
2 15.1 69.3
3 16.3 72.4
4 13.9 68.9
742 2
1 15.6 72.8
4 14.3 69.4
743 4
1 15.3 70.3
2 15.2 70.4
3 16.2 71.5
4 14.4 70.4
744 3
1 15.3 71.7
3 15.9 72.9
4 14.5 69.9
745 4
1 15.9 71.7
2 15.0 70.7
3 16.2 72.8
4 14.5 68.5
746 2
3 15.5 71.5
4 13.9 70.1
747 1
3 16.3 71.7
748 4
1 15.2 72.2
2 14.9 70.0
3 16.2 71.7
4 14.4 68.4
749 0
750 3
1 15.2 72.7
3 16.1 72.6
4 14.3 68.0
751 4
1 15.6 71.3
2 14.8 69.4
3 15.6 71.7
4 14.4 70.1
752 4
1 15.6 71.3
2 14.8 68.8
3 15.7 72.5
4 13.9 70.1
753 2
2 14.6 68.9
4 14.5 69.3
754 4
1 15.0 71.9
2 14.7 68.8
3 15.9 71.5
4 14.5 69.1
755 3
2 15.0 70.5
3 15.7 72.9
4 13.7 69.2
756 4
1 15.9 72.3
2 14.5 68.5
3 15.8 73.7
4 14.3 69.5
757 2
1 15.5 71.5
2 14.2 70.0
758 3
2 14.6 70.2
3 16.2 73.1
4 13.9 70.5
759 4
1 15.7 70.5
2 14.8 70.5
3 15.5 71.5
4 14.1 70.5
760 2
3 16.2 71.2
4 14.2 69.5
761 4
1 15.7 70.4
2 14.9 69.0
3 15.5 72.7
4 14.5 68.9
762 4
1 15.2 70.1
2 14.6 70.3
3 15.5 73.9
4 13.8 67.8
763 0
764 4
1 15.1 69.8
2 14.8 71.2
3 16.3 72.1
4 13.9 70.4
765 4
1 15.7 71.6
2 14.7 69.7
3 15.7 73.0
4 13.9 70.4
766 3
2 14.3 68.7
3 16.3 72.6
4 14.4 68.9
767 4
1 15.7 71.3
2 14.1 71.1
3 16.1 73.2
4 13.7 68.6
768 4
1 15.7 70.2
2 14.6 68.8
3 16.2 71.5
4 14.4 68.4
769 4
1 14.9 71.1
2 14.4 69.8
3 15.9 71.2
4 13.7 69.5
770 3
2 14.6 68.5
3 16.2 72.8
4 13.7 68.4
771 4
1 15.3 70.4
2 14.6 68.4
3 16.1 73.4
4 14.1 69.7
772 4
1 14.8 72.0
2 14.8 70.2
3 16.2 71.5
4 14.2 70.1
773 4
1 14.8 72.1
2 14.9 69.5
3 15.8 72.8
4 14.3 68.1
774 0
775 0
776 2
2 14.4 68.7
4 14.0 69.9
777 3
1 14.9 72.5
2 14.1 68.5
4 13.8 68.7
778 4
1 15.4 72.4
2 14.6 69.7
3 15.7 71.1
4 14.0 67.9
779 1
3 16.0 72.4
780 2
1 15.2 71.8
4 14.2 69.0
781 2
3 15.5 71.0
4 13.6 67.7
782 4
1 15.1 71.7
2 14.0 69.5
3 15.8 71.0
4 13.8 68.9
783 1
3 15.6 71.3
784 2
3 16.1 71.7
4 13.5 68.1
785 3
1 14.8 71.9
3 15.3 73.5
4 13.7 69.1
786 1
1 14.8 69.9
787 2
1 14.9 70.4
2 14.5 68.0
788 2
3 15.5 73.2
4 13.8 67.6
789 3
2 14.8 69.6
3 15.5 72.1
4 14.1 69.6
790 2
2 14.1 70.6
4 13.5 69.6
791 1
1 15.4 72.4
792 4
1 15.0 72.2
2 14.8 70.0
3 15.6 72.2
4 13.5 68.6
793 2
1 14.7 71.0
2 14.9 68.0
794 3
1 15.2 70.5
2 14.8 68.7
3 15.9 72.7
795 4
1 14.8 69.7
2 14.8 69.5
3 15.2 72.7
4 13.8 69.9
796 2
2 14.3 68.0
4 13.8 70.1
797 4
1 15.1 70.4
2 14.3 70.5
3 16.1 73.0
4 13.7 68.0
798 2
1 14.9 70.4
4 14.1 68.1
799 4
1 15.5 71.9
2 14.4 69.3
3 15.6 73.6
4 14.0 67.3
800 3
1 15.6 72.2
3 16.0 71.1
4 14.0 68.5
801 3
1 15.1 69.8
2 14.2 70.5
3 15.9 71.2
802 4
1 14.7 72.1
2 14.1 68.6
3 15.2 71.2
4 13.4 70.1
803 4
1 15.0 70.8
2 14.4 68.5
3 15.6 70.6
4 13.3 69.3
804 3
1 15.6 71.5
2 14.6 69.1
3 15.2 73.5
805 3
2 14.8 68.6
3 16.0 70.6
4 13.7 68.7
806 4
1 15.6 71.5
2 13.8 69.2
3 15.3 71.1
4 13.6 69.7
807 4
1 14.8 71.4
2 14.7 69.8
3 15.2 72.6
4 13.8 67.3
808 3
2 14.4 70.4
3 15.3 72.0
4 13.6 69.5
809 4
1 15.4 71.7
2 14.2 67.6
3 15.3 71.7
4 14.0 68.7
810 3
1 15.0 72.0
2 13.9 67.7
3 15.5 72.4
811 3
2 14.2 69.9
3 16.0 72.5
4 13.6 68.7
812 1
3 15.6 71.3
813 3
1 15.2 70.6
2 14.3 68.9
4 13.5 67.6
814 2
1 15.4 71.7
3 16.0 71.2
815 4
1 14.8 71.4
2 14.0 69.8
3 16.0 70.9
4 13.9 67.3
816 4
1 15.3 70.6
2 14.2 69.0
3 15.6 70.8
4 14.1 67.3
817 3
2 14.2 67.9
3 15.4 72.2
4 13.3 69.4
818 4
1 14.5 71.8
2 14.5 67.9
3 15.7 71.6
4 13.5 69.6
819 1
1 15.1 71.3
820 1
2 14.7 69.8
821 2
2 14.0 67.5
4 13.6 67.0
822 4
1 14.9 70.2
2 14.6 70.0
3 15.6 73.2
4 13.7 69.8
823 2
1 14.8 70.4
2 14.6 67.5
824 4
1 15.0 71.5
2 14.3 69.7
3 15.8 71.2
4 13.6 66.9
825 4
1 14.5 69.0
2 14.1 69.9
3 16.0 71.5
4 14.0 69.7
826 4
1 14.6 69.7
2 14.6 67.8
3 15.1 70.3
4 13.4 68.6
827 2
1 15.3 70.1
2 13.9 70.0
828 2
1 14.7 69.9
2 14.4 68.3
829 2
3 15.3 72.7
4 13.4 68.3
830 4
1 14.9 70.5
2 14.5 68.1
3 15.6 72.2
4 13.4 68.6
831 1
4 13.9 69.4
832 3
1 14.7 70.1
3 15.9 71.2
4 13.5 69.5
833 0
834 4
1 14.8 71.2
2 14.5 69.8
3 15.8 70.6
4 13.8 67.6
835 1
2 14.0 69.3
836 3
1 15.4 71.7
2 14.2 68.1
4 13.7 68.7
837 3
1 14.8 71.3
2 14.5 69.5
4 13.8 68.3
838 4
1 15.2 69.2
2 14.2 67.5
3 15.7 71.2
4 13.5 67.7
839 2
1 14.7 69.8
4 13.5 69.4
840 4
1 14.7 68.9
2 14.0 68.0
3 15.0 72.4
4 13.3 68.0
841 2
1 15.3 69.0
2 13.7 69.4
842 2
3 15.4 70.1
4 13.3 68.1
843 1
2 14.2 67.9
844 3
2 14.4 69.9
3 15.1 71.3
4 13.3 67.9
845 0
846 0
847 0
848 4
1 14.6 69.9
2 13.8 67.9
3 15.6 72.8
4 14.0 67.9
849 2
3 15.0 71.7
4 13.5 69.2
850 4
1 15.2 70.6
2 14.5 68.4
3 15.5 70.8
4 13.4 69.3
851 4
1 14.8 71.5
2 14.1 68.4
3 15.6 70.3
4 13.6 67.3
852 4
1 15.3 69.2
2 14.1 68.0
3 15.7 71.6
4 13.9 67.2
853 0
854 4
1 14.8 71.0
2 13.8 67.0
3 15.3 72.4
4 13.5 68.1
855 3
1 14.6 69.8
3 15.4 72.0
4 13.7 66.8
856 3
2 13.7 68.8
3 15.2 72.6
4 13.7 68.4
857 2
2 14.1 69.4
4 13.0 68.4
858 2
1 14.4 68.6
2 13.9 69.7
859 4
1 14.6 70.9
2 14.0 67.4
3 14.8 72.5
4 13.2 68.7
860 4
1 14.9 70.5
2 14.0 68.3
3 14.9 70.4
4 13.3 66.5
861 2
1 14.6 70.1
4 13.2 68.9
862 3
2 14.3 69.5
3 15.0 71.1
4 13.4 67.6
863 2
2 13.9 69.8
3 14.8 71.4
864 4
1 14.4 71.2
2 13.5 68.4
3 15.3 71.1
4 13.9 68.2
865 3
1 15.1 68.5
3 15.0 69.8
4 13.8 66.7
866 1
1 14.3 70.3
867 4
1 14.2 69.0
2 14.3 67.8
3 14.7 71.9
4 13.1 66.3
868 4
1 15.0 70.5
2 14.0 69.3
3 14.8 71.3
4 13.2 66.3
869 4
1 15.0 71.0
2 13.6 66.8
3 15.2 70.9
4 13.4 68.2
870 4
1 14.6 70.9
2 14.2 69.7
3 15.2 70.1
4 13.4 66.9
871 4
1 14.7 70.3
2 13.8 68.6
3 15.5 71.5
4 13.7 67.9
872 4
1 14.3 68.8
2 14.3 69.0
3 15.0 70.7
4 13.4 66.6
873 4
1 15.1 69.8
2 14.3 67.3
3 15.0 70.0
4 13.3 69.1
874 2
3 15.5 70.1
4 13.8 67.6
875 4
1 14.3 70.9
2 13.9 68.5
3 15.5 72.5
4 13.5 68.6
876 2
1 14.7 69.4
2 13.9 68.0
877 1
2 13.5 69.1
878 2
3 14.8 70.3
4 13.2 66.6
879 0
880 2
1 14.9 69.3
4 13.5 67.8
881 2
2 14.3 66.8
4 13.0 67.3
882 4
1 15.0 68.6
2 13.5 68.1
3 15.5 70.8
4 13.0 68.5
883 4
1 14.1 70.7
2 13.5 68.3
3 14.7 70.1
4 13.5 68.4
884 3
1 14.6 69.3
3 15.5 71.0
4 13.6 66.3
885 1
2 13.7 69.1
886 2
3 15.5 71.6
4 13.3 68.8
887 4
1 14.2 70.9
2 13.9 66.5
3 15.5 70.9
4 13.7 66.3
888 3
2 13.9 68.5
3 14.7 72.2
4 13.6 66.0
889 3
1 14.1 69.3
3 14.9 69.5
4 13.7 66.3
890 3
2 13.4 68.7
3 14.8 70.0
4 13.6 66.4
891 3
1 14.7 68.1
2 14.1 67.4
4 13.6 66.0
892 4
1 14.9 70.6
2 13.3 67.7
3 14.6 69.7
4 12.9 66.2
893 2
3 15.2 70.1
4 12.7 68.0
894 4
1 14.9 69.1
2 13.4 67.8
3 15.3 72.2
4 12.8 66.1
895 2
2 13.5 66.7
4 13.3 68.1
896 4
1 14.1 68.1
2 13.4 68.0
3 14.7 69.3
4 13.2 66.7
897 4
1 14.3 69.1
2 14.0 69.0
3 15.0 71.3
4 13.4 66.5
898 3
2 13.7 66.8
3 14.9 69.5
4 13.6 68.6
899 1
3 15.1 71.3
900 4
1 14.3 68.9
2 13.6 68.0
3 14.7 71.4
4 13.0 66.9
901 4
1 14.9 68.1
2 13.9 67.0
3 15.0 70.2
4 13.0 68.3
902 1
4 13.0 67.6
903 1
4 12.9 66.8
904 4
1 14.6 68.8
2 13.1 68.4
3 15.2 70.2
4 12.9 66.7
905 4
1 14.0 68.5
2 13.5 68.8
3 15.4 70.2
4 12.8 65.9
906 4
1 14.3 68.4
2 13.9 67.9
3 15.2 69.8
4 12.8 67.5
907 1
4 13.0 65.9
908 1
2 13.1 66.3
909 2
3 15.1 71.6
4 13.4 67.9
910 3
1 14.5 70.2
3 15.1 70.0
4 12.6 67.2
911 4
1 14.3 70.4
2 14.0 68.1
3 14.4 69.2
4 12.6 67.4
912 3
2 13.1 66.8
3 14.9 70.8
4 13.2 68.6
913 2
1 13.9 70.0
2 13.8 66.7
914 2
1 14.8 70.2
3 15.3 70.2
915 3
1 14.2 69.6
3 14.9 71.3
4 13.2 66.2
916 3
1 14.6 68.1
3 14.9 70.4
4 13.1 66.1
917 3
1 14.8 69.5
3 15.0 71.2
4 13.1 68.6
918 4
1 14.6 69.2
2 13.3 68.7
3 14.9 70.0
4 13.2 67.8
919 4
1 14.2 69.0
2 13.7 66.3
3 14.5 69.4
4 13.2 68.3
920 0
921 1
4 12.6 68.2
922 4
1 14.1 69.5
2 13.8 67.9
3 14.9 71.2
4 13.2 66.8
923 2
2 13.2 67.1
4 13.0 66.8
924 2
2 13.1 68.5
4 12.8 67.9
925 4
1 13.9 67.7
2 13.4 67.9
3 15.0 71.7
4 13.2 68.0
926 1
3 14.4 71.5
927 3
1 13.8 69.0
3 15.1 69.8
4 13.2 66.4
928 4
1 14.6 68.5
2 13.1 66.5
3 14.7 71.2
4 13.2 66.7
929 4
1 14.7 68.4
2 13.5 67.7
3 15.1 70.0
4 13.4 66.9
930 3
1 14.5 68.4
3 15.1 71.4
4 12.9 66.9
931 4
1 14.3 68.7
2 13.4 66.2
3 14.9 71.1
4 12.9 65.7
932 0
933 1
3 15.0 68.9
934 1
3 15.2 70.7
935 1
2 13.4 67.8
936 4
1 13.8 68.0
2 13.6 66.6
3 14.8 68.9
4 13.4 65.8
937 1
2 13.4 68.4
938 4
1 13.7 67.7
2 13.0 67.3
3 14.7 70.0
4 12.5 66.0
939 4
1 14.0 67.9
2 13.2 66.1
3 14.3 69.7
4 12.4 66.6
940 4
1 14.1 69.0
2 13.2 67.3
3 14.4 69.6
4 12.8 65.3
941 2
1 14.0 68.0
3 15.0 69.0
942 4
1 14.3 69.0
2 13.5 65.9
3 14.4 70.5
4 12.4 65.7
943 0
944 1
4 13.3 67.1
945 3
2 13.4 67.2
3 15.0 69.9
4 12.8 67.1
946 4
1 13.9 68.8
2 13.7 68.1
3 14.4 69.4
4 12.7 65.5
947 4
1 14.1 69.2
2 12.9 67.7
3 14.7 71.4
4 13.0 67.7
948 4
1 14.2 68.1
2 13.4 67.2
3 14.4 70.2
4 13.2 66.9
949 1
4 12.7 65.8
950 4
1 13.7 68.7
2 13.3 67.5
3 14.1 69.1
4 13.2 66.9
951 2
3 14.2 71.3
4 13.3 65.6
952 4
1 13.8 67.5
2 13.5 66.3
3 14.4 71.3
4 12.4 66.4
953 4
1 14.5 69.7
2 13.1 67.1
3 14.8 70.8
4 12.7 65.7
954 1
2 13.4 66.3
955 4
1 14.2 67.9
2 13.5 68.0
3 14.7 69.5
4 12.5 66.4
956 2
1 14.4 68.0
4 12.4 67.6
957 2
2 13.5 67.6
4 13.1 67.1
958 4
1 14.0 67.9
2 13.0 66.9
3 14.6 68.5
4 12.4 67.2
959 4
1 14.5 69.6
2 13.5 66.0
3 15.0 70.3
4 12.7 65.8
960 1
4 12.4 66.7
961 1
3 15.0 68.8
962 4
1 14.4 69.3
2 13.5 66.9
3 14.2 69.9
4 12.7 65.6
963 4
1 14.2 69.8
2 13.5 67.8
3 14.3 70.9
4 13.1 65.2
964 4
1 13.9 68.2
2 12.8 66.9
3 14.7 68.6
4 12.3 65.0
965 4
1 14.1 69.1
2 13.5 65.7
3 15.0 69.8
4 12.9 65.6
966 2
2 12.7 66.1
4 12.4 66.3
967 4
1 14.0 67.8
2 13.1 66.4
3 14.5 70.1
4 13.2 65.6
968 2
1 14.2 67.0
4 12.2 67.2
969 3
1 13.8 69.0
2 13.6 65.9
3 14.0 69.6
970 2
1 13.6 68.6
4 13.0 66.7
971 2
1 14.2 69.5
2 13.4 67.9
972 4
1 13.6 67.0
2 13.3 67.0
3 14.3 70.3
4 12.6 65.3
973 4
1 14.0 67.8
2 13.3 68.0
3 14.6 70.2
4 12.6 65.5
974 2
1 14.4 69.4
2 13.6 67.6
975 4
1 13.7 67.6
2 13.1 65.5
3 14.2 69.1
4 12.3 65.0
976 2
3 14.0 70.1
4 12.3 64.8
977 2
1 14.3 69.4
2 12.9 66.2
978 4
1 13.8 69.0
2 12.7 67.7
3 14.5 70.4
4 12.6 65.1
979 2
3 14.2 69.7
4 12.6 66.4
980 1
1 14.3 67.6
981 4
1 13.8 67.3
2 13.0 67.2
3 14.5 68.1
4 12.8 64.8
982 2
2 12.7 68.1
4 12.8 67.4
983 2
1 13.7 67.2
3 14.6 70.6
984 4
1 13.5 66.8
2 12.6 66.0
3 14.2 68.3
4 12.9 67.5
985 4
1 14.2 68.2
2 12.6 67.7
3 14.6 69.5
4 12.8 64.7
986 4
1 13.4 68.6
2 12.8 67.1
3 13.9 68.7
4 12.3 66.1
987 4
1 14.3 68.9
2 13.2 67.7
3 14.2 70.5
4 12.1 67.1
988 2
1 14.3 69.4
4 12.6 65.2
989 4
1 13.8 68.0
2 13.4 66.0
3 14.3 69.0
4 12.0 66.9
990 2
1 13.6 69.2
4 12.6 66.1
991 1
1 13.9 67.5
992 2
2 12.8 67.2
3 14.0 69.7
993 4
1 13.8 68.4
2 12.7 67.2
3 14.1 70.2
4 12.9 66.1
994 3
2 12.8 67.5
3 14.6 70.3
4 12.5 66.6
995 4
1 13.9 66.8
2 13.1 65.4
3 14.6 68.1
4 12.0 67.3
996 4
1 14.1 69.1
2 12.6 67.3
3 14.3 68.0
4 12.5 65.1
997 1
1 14.3 66.8
998 4
1 13.3 68.3
2 13.3 65.3
3 14.5 70.1
4 12.2 64.4
999 4
1 13.5 66.6
2 12.8 66.2
3 13.9 70.7
4 12.1 65.4
1000 4
1 13.3 67.6
2 12.8 65.9
3 14.7 68.7
4 12.3 66.7
1001 0
1002 3
1 13.3 67.3
3 13.8 68.9
4 12.8 65.9
1003 4
1 13.8 66.5
2 13.3 65.2
3 14.3 68.9
4 12.8 67.0
1004 3
2 13.3 66.7
3 14.4 68.3
4 12.0 65.3
1005 4
1 13.5 68.9
2 12.5 66.6
3 14.2 69.6
4 12.7 66.4
1006 4
1 13.8 69.3
2 12.7 65.8
3 14.2 69.9
4 12.2 65.9
1007 3
1 13.8 67.9
3 14.5 69.5
4 12.7 65.6
1008 1
4 12.5 65.4
1009 0
1010 2
1 13.9 66.6
4 12.5 66.9
1011 4
1 13.7 67.4
2 12.8 67.5
3 14.0 69.4
4 12.0 66.9
1012 1
1 13.3 69.1
1013 0
1014 1
1 13.5 68.3
1015 4
1 13.3 66.5
2 13.1 66.2
3 14.0 69.1
4 12.0 65.4
1016 3
1 13.6 66.7
3 14.5 68.6
4 12.1 66.6
1017 2
3 14.2 68.3
4 12.2 66.4
1018 1
1 13.5 66.8
1019 4
1 13.9 68.7
2 12.7 67.1
3 13.9 68.6
4 12.1 66.4
1020 4
1 13.2 68.4
2 12.9 65.9
3 13.9 69.1
4 12.3 65.2
1021 4
1 13.3 68.6
2 12.6 66.5
3 13.6 67.6
4 12.0 66.9
1022 2
1 13.7 69.0
2 12.9 67.6
1023 4
1 13.7 68.9
2 13.0 65.3
3 14.5 68.2
4 12.0 67.1
1024 4
1 13.8 66.4
2 12.6 67.3
3 14.5 69.4
4 12.2 64.1
1025 1
1 13.6 68.6
1026 2
2 12.9 65.0
4 12.2 64.2
1027 2
1 13.6 68.8
4 12.7 64.3
1028 4
1 13.2 68.8
2 13.1 64.9
3 14.4 68.8
4 12.7 66.2
1029 2
3 13.7 68.6
4 11.8 66.7
1030 3
1 13.8 67.8
2 12.3 66.3
4 12.1 66.6
1031 3
1 13.3 67.4
2 12.5 65.9
4 12.2 65.7
1032 4
1 13.9 67.5
2 13.1 66.5
3 13.8 68.9
4 12.2 66.7
1033 2
1 13.4 67.5
2 13.0 65.3
1034 0
1035 4
1 14.0 68.0
2 12.9 65.6
3 14.4 69.9
4 12.0 66.5
1036 0
1037 4
1 14.0 66.4
2 13.2 65.6
3 14.3 67.8
4 12.2 65.9
1038 4
1 13.0 68.5
2 13.1 67.3
3 14.1 68.1
4 12.6 64.7
1039 0
1040 4
1 13.0 66.3
2 12.3 65.2
3 14.2 68.6
4 12.2 66.6
1041 3
1 13.0 68.7
3 13.8 68.7
4 12.6 64.1
1042 4
1 13.0 68.5
2 12.9 65.1
3 13.9 69.1
4 12.5 64.6
1043 4
1 13.6 67.7
2 12.6 65.3
3 13.5 69.5
4 12.1 66.8
1044 4
1 13.6 66.9
2 12.2 65.6
3 13.5 67.7
4 12.1 65.4
1045 1
1 12.9 67.5
1046 2
2 13.0 65.7
3 13.9 68.7
1047 1
3 13.6 67.4
1048 1
2 12.9 66.9
1049 4
1 13.4 66.9
2 12.9 66.8
3 13.4 68.5
4 12.0 63.8
1050 4
1 13.4 67.5
2 12.8 64.6
3 14.3 70.0
4 12.6 64.3
1051 2
1 13.6 67.6
2 13.0 64.6
1052 0
1053 4
1 13.2 67.0
2 12.6 65.9
3 13.8 68.0
4 11.8 65.1
1054 4
1 13.4 67.5
2 12.9 66.0
3 13.6 69.2
4 12.0 66.0
1055 1
4 12.0 65.1
1056 4
1 13.2 65.8
2 12.3 65.1
3 13.7 68.2
4 11.9 66.4
1057 4
1 13.3 67.5
2 12.6 65.0
3 14.3 69.2
4 11.9 64.4
1058 4
1 13.3 66.2
2 12.5 64.8
3 13.5 68.9
4 12.3 66.1
1059 1
4 12.5 65.0
1060 4
1 13.0 67.9
2 12.6 65.9
3 13.9 69.9
4 12.3 66.0
1061 4
1 12.9 67.4
2 12.4 65.9
3 13.7 69.6
4 12.5 64.2
1062 1
2 12.6 65.6
1063 2
1 12.9 68.6
2 12.1 64.6
1064 4
1 13.2 68.0
2 12.3 66.6
3 13.7 67.6
4 11.8 66.0
1065 4
1 13.4 67.9
2 12.9 64.1
3 14.2 67.6
4 11.7 66.1
1066 1
3 13.5 69.0
1067 1
4 12.5 65.5
1068 4
1 13.0 66.1
2 12.1 65.2
3 14.1 68.7
4 12.2 64.7
1069 2
1 13.0 66.7
2 12.2 64.6
1070 4
1 13.4 65.9
2 12.6 64.6
3 13.4 69.3
4 12.1 65.4
1071 4
1 12.8 68.3
2 12.3 65.3
3 13.4 67.4
4 12.2 65.3
1072 4
1 13.3 67.8
2 12.3 64.4
3 13.5 67.5
4 12.1 63.9
1073 4
1 12.9 68.4
2 12.5 65.6
3 14.2 68.3
4 11.8 66.1
1074 4
1 12.9 65.6
2 12.7 66.9
3 13.3 67.0
4 11.6 65.4
1075 4
1 12.9 68.4
2 12.6 65.3
3 13.6 68.9
4 11.9 64.2
1076 4
1 12.8 66.9
2 12.7 64.6
3 14.2 67.7
4 11.8 64.1
1077 1
1 12.9 66.5
1078 2
1 13.6 67.5
4 11.5 65.5
1079 2
3 14.2 68.2
4 12.2 63.9
1080 2
2 11.9 64.0
4 12.1 64.9
1081 2
1 13.3 66.6
2 12.8 64.7
1082 4
1 13.6 68.0
2 12.7 66.5
3 13.4 69.3
4 11.6 64.7
1083 4
1 13.2 66.8
2 12.5 65.7
3 14.0 67.0
4 12.2 65.5
1084 3
2 12.8 66.5
3 14.0 69.4
4 12.1 65.6
1085 1
1 13.6 66.0
1086 1
3 13.4 67.6
1087 1
1 13.1 65.7
1088 2
1 13.0 66.9
4 11.5 64.9
1089 1
2 12.0 66.5
1090 3
1 12.7 66.9
3 13.6 67.8
4 11.6 63.6
1091 4
1 13.5 66.3
2 12.5 66.4
3 13.4 66.6
4 11.5 64.1
1092 1
1 13.1 66.6
1093 2
1 13.1 66.8
2 12.2 65.0
1094 4
1 13.5 68.0
2 12.4 65.3
3 13.3 69.1
4 12.2 64.1
1095 3
1 13.2 67.6
3 13.5 68.4
4 11.4 66.0
1096 2
1 13.3 66.4
2 12.4 64.6
1097 3
1 13.4 67.0
3 13.5 67.8
4 11.3 66.0
1098 4
1 12.8 66.4
2 12.2 64.8
3 13.8 66.9
4 12.2 65.2
1099 2
2 11.9 66.5
4 11.5 65.8
1100 4
1 12.7 65.9
2 12.7 63.7
3 13.5 66.8
4 12.1 65.5
1101 4
1 13.2 66.8
2 11.8 65.1
3 13.9 66.6
4 12.0 66.0
1102 4
1 13.4 65.7
2 12.1 63.9
3 13.4 67.6
4 11.7 63.9
1103 4
1 12.8 67.1
2 11.9 63.8
3 13.2 67.4
4 11.4 63.9
1104 1
1 13.3 66.0
1105 2
2 12.5 65.8
4 11.4 64.4
1106 3
1 13.4 67.7
3 13.2 67.1
4 11.7 64.2
1107 4
1 12.8 65.3
2 11.8 65.9
3 13.4 67.7
4 11.4 63.0
1108 2
1 12.6 67.9
4 11.8 65.6
1109 4
1 13.1 65.3
2 12.6 64.7
3 13.8 68.1
4 11.9 63.7
1110 3
2 12.0 65.4
3 13.2 67.2
4 11.9 64.3
1111 0
1112 2
1 13.4 67.4
2 11.8 66.0
1113 4
1 13.4 67.1
2 12.3 64.7
3 13.9 66.3
4 11.6 63.2
1114 1
2 12.3 65.8
1115 0
1116 3
1 13.4 67.4
3 13.3 68.8
4 11.3 62.8
1117 2
3 13.6 68.0
4 12.1 63.1
1118 4
1 13.2 66.8
2 12.6 65.9
3 13.4 67.2
4 12.1 63.4
1119 1
4 11.8 64.8
1120 2
1 13.4 66.1
4 11.4 65.2
1121 4
1 12.8 67.8
2 12.3 63.8
3 13.6 67.6
4 11.4 64.0
1122 2
3 13.4 67.8
4 11.9 64.9
1123 2
1 12.7 67.7
4 11.3 64.2
1124 2
3 13.1 66.8
4 11.7 64.5
1125 4
1 13.0 66.8
2 12.0 63.2
3 13.8 68.2
4 12.0 65.0
1126 3
2 11.6 63.7
3 13.8 67.6
4 11.4 65.1
1127 4
1 12.5 66.8
2 12.1 64.2
3 13.4 66.6
4 11.1 63.9
1128 4
1 12.9 66.4
2 12.2 64.1
3 13.0 68.8
4 11.4 64.2
1129 4
1 13.2 67.6
2 12.3 65.3
3 13.5 66.7
4 12.0 64.0
1130 4
1 12.7 66.9
2 11.7 63.1
3 12.9 68.3
4 11.7 64.9
1131 4
1 12.7 66.8
2 11.7 63.8
3 13.4 66.5
4 11.2 62.6
1132 4
1 12.5 64.9
2 12.4 65.6
3 13.7 68.9
4 11.3 65.6
1133 4
1 12.4 65.1
2 12.4 65.4
3 13.2 67.4
4 11.8 62.9
1134 1
3 12.9 66.7
1135 2
2 12.5 64.1
3 13.0 65.9
1136 1
2 12.1 65.4
1137 3
2 11.7 63.2
3 13.4 67.6
4 11.4 62.6
1138 2
1 12.3 66.4
2 12.4 64.7
1139 3
2 12.3 63.8
3 12.9 68.5
4 11.3 65.4
1140 2
1 12.7 67.5
2 11.8 64.2
1141 0
1142 2
3 13.7 65.9
4 11.2 64.3
1143 2
3 13.1 68.6
4 11.5 63.2
1144 1
3 13.5 67.1
1145 2
1 12.7 67.1
3 12.9 67.9
1146 3
1 13.0 65.8
3 13.4 65.9
4 11.0 65.3
1147 4
1 12.7 64.6
2 12.3 64.5
3 13.3 67.6
4 11.6 63.1
1148 4
1 12.9 66.2
2 12.3 65.1
3 13.3 65.9
4 11.6 62.7
1149 2
2 11.5 65.6
4 11.2 63.3
1150 2
3 12.7 68.6
4 11.9 62.8
1151 1
4 11.3 62.6
1152 1
4 11.6 62.3
1153 2
2 12.0 64.5
4 11.4 63.0
1154 4
1 13.0 66.8
2 11.5 65.2
3 13.7 66.0
4 11.0 62.6
1155 2
1 12.6 65.5
3 13.0 66.2
1156 1
2 12.2 63.4
1157 4
1 13.1 66.3
2 11.6 65.2
3 13.3 65.8
4 11.7 63.8
1158 4
1 13.0 64.3
2 11.7 64.6
3 12.7 68.3
4 11.1 65.2
1159 4
1 12.9 65.0
2 11.4 62.8
3 12.7 65.8
4 11.3 63.7
1160 4
1 12.5 65.1
2 11.6 64.3
3 12.8 67.2
4 11.5 62.9
1161 4
1 12.7 65.6
2 11.9 64.8
3 13.6 67.4
4 10.8 64.9
1162 4
1 12.6 67.2
2 11.7 64.2
3 12.7 66.3
4 11.4 64.8
1163 2
2 12.2 64.0
4 11.0 64.4
1164 4
1 12.7 65.0
2 12.0 64.7
3 12.7 68.4
4 11.7 62.4
1165 2
1 12.9 65.0
4 11.0 62.8
1166 2
3 13.4 68.5
4 11.4 64.6
1167 1
4 11.3 64.9
1168 0
1169 4
1 12.3 65.2
2 11.4 65.2
3 13.0 65.8
4 11.5 62.8
1170 4
1 12.4 67.0
2 12.0 62.7
3 13.2 66.6
4 11.6 64.9
1171 2
3 12.7 67.8
4 11.6 63.7
1172 1
1 12.1 65.8
1173 4
1 12.3 65.2
2 11.9 63.6
3 12.9 66.6
4 10.8 64.1
1174 2
1 12.6 65.2
3 12.9 65.4
1175 4
1 12.7 66.8
2 11.4 64.1
3 13.3 67.2
4 10.8 62.9
1176 1
3 13.0 65.8
1177 2
1 12.6 67.0
2 11.3 64.5
1178 3
2 11.4 64.7
3 13.4 67.3
4 11.3 62.2
1179 3
1 12.2 64.8
3 13.1 68.0
4 10.8 63.0
1180 2
2 12.0 62.5
4 10.8 62.4
1181 3
2 12.1 63.1
3 12.6 67.4
4 11.4 64.8
1182 2
1 12.4 64.7
4 11.0 63.3
1183 0
1184 3
1 12.3 65.0
3 12.6 66.1
4 11.0 62.0
1185 4
1 12.6 65.7
2 12.0 62.9
3 13.2 67.3
4 11.4 63.7
1186 2
2 11.8 64.5
3 12.8 65.7
1187 4
1 12.9 65.2
2 11.5 63.0
3 13.3 66.0
4 11.0 62.4
1188 2
2 11.8 62.4
3 12.7 67.1
1189 4
1 12.2 66.5
2 11.7 62.5
3 12.9 66.8
4 11.4 62.5
1190 1
1 12.7 65.0
1191 3
1 12.9 65.8
3 12.6 66.3
4 10.7 62.5
1192 2
2 12.0 63.7
4 11.2 62.3
1193 2
1 12.2 65.9
4 11.5 63.1
1194 2
3 13.4 67.2
4 10.9 64.4
1195 4
1 12.8 64.0
2 11.3 62.4
3 13.0 65.7
4 11.2 63.5
1196 0
1197 2
1 12.8 64.1
2 11.5 63.0
1198 4
1 12.4 64.1
2 11.3 64.0
3 12.9 66.6
4 11.4 62.4
1199 4
1 12.1 65.4
2 11.2 64.2
3 12.5 66.8
4 11.0 64.3
1200 4
1 12.1 65.1
2 11.4 63.3
3 13.0 65.4
4 11.4 63.0
1201 2
3 12.7 66.1
4 11.4 61.8
1202 4
1 12.3 64.2
2 11.6 64.1
3 13.1 67.9
4 11.2 61.7
1203 4
1 12.5 66.6
2 11.7 64.4
3 12.6 65.5
4 11.5 62.5
1204 4
1 12.4 64.4
2 11.5 63.4
3 12.9 65.2
4 11.4 62.6
1205 1
3 12.5 67.4
1206 2
2 11.2 64.5
4 11.1 62.7
1207 2
1 12.5 64.3
4 10.8 64.3
1208 4
1 12.7 66.6
2 11.6 62.0
3 13.0 66.5
4 10.7 61.9
1209 4
1 12.4 63.8
2 11.8 62.3
3 13.0 66.0
4 11.1 63.2
1210 2
2 11.9 64.0
3 12.4 66.4
1211 3
1 12.1 64.1
2 11.2 63.6
4 10.7 64.0
1212 2
2 11.3 64.3
4 10.5 61.6
1213 1
4 11.4 62.1
1214 4
1 12.1 65.2
2 11.7 62.4
3 12.9 67.2
4 11.2 63.8
1215 3
2 11.6 64.0
3 12.6 65.5
4 10.7 64.3
1216 2
3 12.6 67.6
4 10.6 61.6
1217 2
2 11.7 64.3
4 11.2 63.8
1218 2
1 12.3 65.6
2 11.5 63.4
1219 2
3 12.7 66.1
4 10.9 62.9
1220 1
1 11.9 66.4
1221 4
1 12.3 63.8
2 11.7 63.2
3 12.4 66.5
4 11.1 62.2
1222 2
1 12.0 65.7
2 11.1 63.3
1223 4
1 12.2 64.6
2 10.9 64.0
3 12.8 66.9
4 11.2 61.7
1224 4
1 12.0 63.7
2 11.8 62.3
3 12.9 66.5
4 10.7 62.7
1225 1
1 12.3 65.9
1226 4
1 12.5 64.7
2 10.9 62.0
3 12.3 67.2
4 10.8 63.9
1227 2
1 11.7 64.0
2 11.4 62.3
1228 2
1 12.6 65.9
4 10.6 61.8
1229 2
1 12.5 63.5
4 10.5 63.1
1230 3
1 12.6 65.0
3 12.8 66.6
4 11.0 61.6
1231 2
1 12.5 64.6
2 11.4 63.4
1232 2
3 12.9 66.1
4 10.7 61.3
1233 2
2 11.1 62.9
4 10.9 63.4
1234 2
1 12.3 65.9
2 11.3 64.5
1235 2
2 11.1 63.5
3 13.0 66.6
1236 1
4 10.6 61.3
1237 4
1 11.9 63.9
2 11.4 62.1
3 12.2 66.1
4 11.1 64.1
1238 4
1 12.2 66.2
2 11.7 64.2
3 13.0 66.5
4 11.2 61.7
1239 3
2 10.9 63.3
3 12.2 66.1
4 11.2 62.8
1240 0
1241 1
2 11.0 63.7
1242 2
1 12.4 65.4
4 11.2 61.7
1243 4
1 11.7 66.1
2 11.6 61.6
3 13.0 64.8
4 11.1 61.1
1244 0
1245 3
2 11.4 64.1
3 13.0 64.9
4 10.9 62.5
1246 0
1247 3
1 12.2 63.9
3 12.2 66.4
4 11.2 61.4
1248 3
1 12.2 63.4
2 11.6 62.3
4 10.9 63.3
1249 4
1 12.1 65.3
2 11.3 63.0
3 12.4 66.3
4 10.6 63.5
1250 4
1 11.9 64.5
2 11.3 63.8
3 12.5 65.5
4 11.0 62.7
1251 3
1 12.0 63.0
3 12.8 66.5
4 10.7 62.3
1252 3
1 11.6 63.5
2 11.5 62.2
3 12.2 65.7
1253 1
1 12.5 63.2
1254 4
1 11.7 64.7
2 10.8 62.3
3 12.9 66.5
4 10.4 62.0
1255 4
1 12.3 65.8
2 11.6 64.1
3 12.0 64.9
4 10.5 63.4
1256 4
1 12.2 65.0
2 11.1 63.6
3 12.6 67.2
4 10.6 62.1
1257 3
2 10.7 62.3
3 12.1 64.3
4 10.8 60.9
1258 2
1 11.6 64.4
2 10.8 62.7
1259 4
1 12.4 63.2
2 11.4 63.6
3 12.2 65.3
4 10.6 63.5
1260 4
1 11.9 63.6
2 11.4 63.8
3 12.9 67.2
4 10.8 61.2
1261 4
1 12.0 63.0
2 11.3 61.6
3 12.3 64.4
4 11.0 62.2
1262 4
1 11.5 65.7
2 11.3 63.0
3 12.5 66.4
4 11.0 61.8
1263 3
2 11.3 63.3
3 12.2 66.9
4 11.1 61.5
1264 0
1265 2
3 12.5 65.2
4 10.4 62.7
1266 3
1 11.7 63.7
2 10.9 63.2
3 12.3 65.0
1267 4
1 11.6 65.1
2 10.9 61.7
3 12.9 64.1
4 10.5 61.7
1268 4
1 11.8 64.0
2 10.9 63.0
3 12.5 66.0
4 10.4 60.7
1269 4
1 11.5 65.7
2 11.6 61.4
3 12.5 66.5
4 10.8 62.2
1270 2
2 11.0 63.2
4 10.4 61.9
1271 1
1 11.6 65.2
1272 4
1 12.1 63.2
2 11.0 63.7
3 12.2 65.7
4 11.0 62.8
1273 4
1 12.2 62.8
2 10.7 62.8
3 12.7 64.3
4 11.0 62.5
1274 2
3 12.5 65.8
4 10.5 61.2
1275 1
4 10.1 60.8
1276 2
2 11.2 62.7
4 10.2 63.6
1277 4
1 12.3 65.0
2 10.9 63.1
3 12.0 66.3
4 10.5 61.0
1278 1
4 10.9 62.2
1279 2
2 11.5 62.6
4 10.1 61.1
1280 4
1 11.4 64.6
2 11.2 62.2
3 12.3 64.3
4 10.0 62.8
1281 4
1 12.1 64.8
2 10.6 61.3
3 12.5 66.0
4 10.6 61.9
1282 3
1 11.8 63.5
2 10.7 61.8
4 10.6 62.1
1283 1
2 11.4 62.8
1284 4
1 11.8 62.9
2 11.0 61.9
3 12.7 64.8
4 10.1 62.5
1285 2
2 10.5 61.6
4 10.5 62.5
1286 3
2 10.9 63.6
3 12.2 63.9
4 10.5 62.8
1287 2
3 12.6 66.2
4 10.7 61.8
1288 3
1 11.6 64.8
3 11.9 66.0
4 10.3 61.6
1289 4
1 11.4 64.6
2 10.9 62.0
3 11.9 63.8
4 10.6 60.7
1290 1
2 10.8 61.5
1291 3
2 11.2 63.2
3 12.2 64.1
4 10.6 60.7
1292 4
1 11.4 63.3
2 11.1 61.9
3 11.8 66.1
4 10.1 62.9
1293 4
1 12.0 64.5
2 10.4 62.5
3 11.8 64.1
4 10.6 62.9
1294 2
1 11.7 65.4
2 10.8 62.7
1295 1
4 10.7 61.7
1296 3
2 11.1 63.4
3 12.1 66.4
4 10.4 61.0
1297 0
1298 2
1 11.7 64.4
2 11.0 62.5
1299 2
1 11.9 65.1
4 10.3 61.1
1300 4
1 11.4 64.9
2 11.0 61.6
3 12.2 64.2
4 10.7 60.3
1301 1
4 10.0 62.5
1302 3
1 11.4 65.2
3 12.2 65.1
4 10.7 63.1
1303 3
1 11.3 63.2
2 10.8 62.3
4 10.6 61.6
1304 4
1 11.5 63.2
2 11.1 63.5
3 12.6 64.3
4 9.9 62.8
1305 1
4 10.5 61.9
1306 1
3 12.2 64.9
1307 1
3 12.1 63.9
1308 2
1 11.4 65.0
2 11.0 62.0
1309 4
1 11.8 64.3
2 10.3 60.9
3 11.6 64.6
4 9.9 60.4
1310 2
3 12.3 65.6
4 10.5 60.7
1311 1
2 11.2 61.8
1312 3
2 10.7 61.2
3 12.5 63.5
4 10.2 62.1
1313 2
1 11.9 64.6
2 10.4 62.4
1314 4
1 11.8 63.0
2 10.9 63.3
3 11.6 65.9
4 10.4 62.1
1315 1
1 11.9 63.7
1316 3
1 11.7 65.0
3 12.4 64.0
4 10.3 62.0
1317 2
2 11.1 62.9
4 10.2 61.6
1318 0
1319 1
3 12.1 65.7
1320 4
1 11.6 63.5
2 10.6 63.4
3 11.8 63.9
4 10.1 60.1
1321 2
1 11.5 63.3
2 10.7 62.3
1322 3
1 11.1 63.5
2 10.6 61.0
4 10.0 60.8
1323 3
1 11.8 64.4
2 11.0 62.7
3 12.2 63.9
1324 4
1 11.5 63.1
2 10.3 61.9
3 12.2 66.3
4 10.1 62.1
1325 4
1 11.7 62.5
2 10.6 63.3
3 12.5 65.2
4 10.5 62.6
1326 2
1 11.7 63.5
4 10.4 61.4
1327 2
3 11.6 64.1
4 9.8 61.3
1328 2
3 12.1 65.1
4 10.4 61.3
1329 4
1 11.1 64.0
2 10.6 61.5
3 12.3 65.0
4 9.9 62.2
1330 4
1 11.8 64.9
2 10.3 61.3
3 12.0 64.5
4 10.5 60.3
1331 2
3 12.4 65.7
4 9.7 60.7
1332 4
1 11.1 62.8
2 11.1 63.0
3 11.6 65.2
4 10.3 61.4
1333 4
1 11.2 63.3
2 11.0 60.9
3 11.5 65.1
4 10.0 62.5
1334 1
4 10.2 61.9
1335 4
1 11.6 62.2
2 10.4 62.6
3 12.3 63.3
4 9.8 62.3
1336 4
1 11.3 63.3
2 10.4 60.7
3 11.9 65.4
4 10.6 61.0
1337 1
2 10.2 62.0
1338 0
1339 3
1 11.0 63.3
3 12.3 63.9
4 10.2 59.7
1340 1
1 11.8 62.2
1341 2
1 11.8 63.2
4 10.1 60.4
1342 1
3 11.8 64.2
1343 1
4 10.1 61.4
1344 2
1 11.5 62.4
2 11.0 61.8
1345 3
2 10.6 60.1
3 11.6 65.8
4 9.7 60.6
1346 2
2 10.4 62.0
3 12.3 64.4
1347 2
3 12.1 65.1
4 10.2 62.1
1348 0
1349 2
1 11.7 64.1
3 11.4 63.3
1350 3
2 10.9 62.9
3 11.8 65.5
4 9.8 61.1
1351 4
1 10.9 62.1
2 10.5 60.7
3 12.2 63.4
4 9.8 60.3
1352 2
3 11.7 64.5
4 9.7 62.0
1353 4
1 11.5 62.7
2 10.6 62.0
3 11.4 65.7
4 10.5 60.7
1354 2
3 12.2 64.4
4 9.7 61.1
1355 1
1 11.7 62.9
1356 4
1 11.2 64.4
2 10.8 60.4
3 11.8 64.7
4 9.7 59.5
1357 4
1 11.2 64.3
2 10.8 60.9
3 12.1 65.6
4 9.9 61.5
1358 4
1 11.0 62.2
2 10.5 62.8
3 12.2 63.2
4 10.4 61.5
1359 2
1 11.4 61.7
4 9.6 60.8
1360 1
4 10.4 60.9
1361 2
2 10.0 60.2
3 11.4 63.2
1362 3
1 11.5 63.1
3 12.2 65.5
4 10.1 61.9
1363 4
1 10.8 63.9
2 10.8 61.1
3 11.3 62.8
4 9.7 60.8
1364 4
1 11.7 62.8
2 10.8 61.2
3 11.5 63.0
4 10.4 59.8
1365 2
3 12.1 63.9
4 10.4 59.4
1366 2
1 10.8 63.7
2 10.5 61.9
1367 4
1 10.8 62.5
2 10.6 59.8
3 11.9 63.5
4 10.0 59.4
1368 2
3 12.0 64.2
4 9.8 59.4
1369 4
1 11.6 62.4
2 10.4 60.4
3 11.9 64.4
4 9.7 61.2
1370 4
1 11.3 63.5
2 10.1 60.0
3 11.7 64.4
4 9.8 61.8
1371 2
3 11.9 64.3
4 9.6 61.8
1372 3
2 10.0 60.1
3 11.5 64.4
4 9.7 61.0
1373 1
2 10.5 61.4
1374 2
3 11.4 62.9
4 9.4 59.3
1375 1
4 10.3 61.2
1376 4
1 11.0 64.2
2 10.5 60.5
3 12.1 64.0
4 9.6 61.5
1377 0
1378 1
3 11.3 65.2
1379 2
1 11.4 63.3
2 10.5 60.4
1380 4
1 10.7 63.6
2 10.0 59.9
3 11.5 62.9
4 10.2 61.3
1381 3
1 11.1 63.6
3 11.2 63.0
4 10.1 60.9
1382 3
1 10.7 61.3
3 12.0 64.5
4 10.2 59.3
1383 1
1 10.9 61.5
1384 3
1 10.9 63.6
3 11.9 65.3
4 9.8 59.2
1385 3
1 11.2 62.6
2 10.2 62.3
4 10.2 59.3
1386 1
3 11.9 65.1
1387 4
1 11.2 61.5
2 10.2 61.6
3 11.6 63.2
4 9.7 60.0
1388 4
1 10.7 64.1
2 9.9 60.0
3 11.3 64.8
4 9.5 60.8
1389 3
2 10.5 60.8
3 11.4 64.4
4 10.0 61.3
1390 4
1 11.2 63.2
2 10.2 62.3
3 11.5 62.6
4 10.1 61.3
1391 1
1 10.7 63.5
1392 4
1 11.2 61.2
2 9.9 60.9
3 11.4 64.5
4 9.4 60.0
1393 2
1 11.5 61.4
2 10.5 61.9
1394 4
1 11.4 61.6
2 10.6 60.4
3 11.2 62.9
4 10.0 59.9
1395 4
1 11.0 61.3
2 10.0 59.6
3 11.4 63.6
4 10.2 61.0
1396 3
2 10.7 60.6
3 11.6 63.0
4 9.6 59.2
1397 4
1 10.9 63.0
2 9.8 59.5
3 11.3 63.4
4 9.4 60.3
1398 4
1 11.1 63.0
2 10.6 60.4
3 11.8 64.0
4 9.7 59.5
1399 0
1400 4
1 11.4 63.1
2 10.5 60.6
3 11.8 63.6
4 9.7 60.6
1401 3
1 11.0 62.4
3 11.8 64.0
4 10.2 59.2
1402 3
2 9.8 61.9
3 11.6 62.4
4 9.7 59.7
1403 4
1 10.9 62.0
2 10.3 60.8
3 11.0 63.7
4 9.7 61.3
1404 4
1 10.6 63.1
2 10.3 62.0
3 11.1 63.3
4 9.8 61.3
1405 4
1 10.6 61.4
2 10.0 59.3
3 11.6 62.2
4 9.4 61.5
1406 4
1 11.0 63.4
2 10.6 60.8
3 11.0 63.6
4 9.2 60.8
1407 4
1 10.6 62.8
2 9.8 61.4
3 11.4 64.2
4 9.9 59.1
1408 1
4 9.8 59.3
1409 4
1 11.1 61.4
2 10.2 60.5
3 11.9 64.4
4 9.2 60.7
1410 4
1 11.2 61.5
2 9.9 59.4
3 11.2 62.6
4 9.5 58.9
1411 3
2 10.3 61.7
3 11.8 64.3
4 9.8 59.9
1412 4
1 11.1 63.5
2 10.1 60.2
3 11.5 62.1
4 9.7 58.7
1413 4
1 11.2 62.9
2 10.2 59.3
3 11.7 63.1
4 10.0 59.9
1414 4
1 10.9 60.9
2 10.3 61.7
3 11.0 63.7
4 9.2 60.0
1415 1
2 9.9 60.1
1416 2
3 10.9 63.9
4 9.5 60.1
1417 2
3 10.9 62.2
4 9.9 60.1
1418 4
1 10.8 61.7
2 10.4 59.3
3 11.5 64.2
4 9.2 60.5
1419 3
1 10.6 61.2
2 10.5 60.0
3 11.0 64.6
1420 4
1 10.6 61.0
2 9.6 62.1
3 11.4 62.9
4 9.8 60.2
1421 4
1 10.9 63.4
2 9.6 61.4
3 11.7 63.1
4 9.7 59.0
1422 2
3 11.8 62.0
4 9.2 59.9
1423 3
2 10.1 61.0
3 11.6 64.4
4 9.7 59.8
1424 4
1 10.4 62.8
2 9.9 60.4
3 11.0 63.3
4 9.3 61.2
1425 3
1 10.5 62.9
2 10.1 61.6
3 11.6 62.1
1426 1
4 9.1 58.6
1427 0
1428 3
2 10.3 61.2
3 11.4 64.2
4 9.5 58.6
1429 4
1 10.4 61.4
2 10.3 60.1
3 11.7 64.6
4 9.7 60.9
1430 3
1 11.2 63.4
3 11.7 62.8
4 9.4 58.9
1431 4
1 11.0 62.3
2 9.7 59.1
3 11.7 63.0
4 10.0 60.6
1432 4
1 10.7 61.8
2 9.5 60.3
3 11.5 64.3
4 9.2 60.3
1433 1
3 11.7 64.7
1434 4
1 11.0 61.7
2 10.4 59.0
3 10.9 63.3
4 9.8 59.7
1435 2
1 10.4 63.3
4 9.5 60.0
1436 4
1 10.6 61.2
2 10.4 61.1
3 11.3 64.0
4 9.1 61.3
1437 2
1 10.6 63.0
2 10.2 60.6
1438 3
1 10.3 61.2
2 10.1 61.4
3 11.3 63.5
1439 2
3 11.2 64.2
4 9.8 60.1
1440 2
1 10.4 61.3
2 9.9 59.2
